000000_depth.png 212 110 193 93 180 88 163 93 135 132 
000001_depth.png 214 110 194 92 179 86 164 93 135 131 
000002_depth.png 214 109 195 92 180 85 164 92 135 131 
000003_depth.png 213 110 193 93 180 87 163 94 135 131 
000004_depth.png 212 111 193 93 179 88 163 94 135 131 
000005_depth.png 212 110 191 93 178 87 162 94 134 133 
000006_depth.png 209 111 190 94 177 88 161 93 132 131 
000007_depth.png 209 110 191 92 176 86 161 92 133 130 
000008_depth.png 210 110 192 91 177 84 161 91 131 128 
000009_depth.png 211 111 192 92 178 86 162 90 132 128 
000010_depth.png 211 110 191 92 178 85 162 90 132 126 
000011_depth.png 210 110 191 92 179 84 161 90 131 127 
000012_depth.png 208 113 191 94 179 84 162 89 132 126 
000013_depth.png 207 113 191 93 179 85 162 91 132 125 
000014_depth.png 207 114 191 95 179 86 163 91 132 123 
000015_depth.png 206 114 190 94 179 86 163 90 133 123 
000016_depth.png 206 115 191 97 180 86 164 91 132 122 
000017_depth.png 206 115 192 97 180 87 165 90 132 124 
000018_depth.png 206 116 191 95 181 86 165 89 133 123 
000019_depth.png 204 116 192 97 182 86 166 88 134 121 
000020_depth.png 205 116 192 97 182 87 166 89 135 118 
000021_depth.png 203 117 190 97 182 86 165 89 136 122 
000022_depth.png 203 118 190 97 181 87 166 89 134 121 
000023_depth.png 203 119 190 98 182 88 165 89 136 120 
000024_depth.png 202 118 190 99 182 88 167 89 137 120 
000025_depth.png 202 118 191 98 182 88 167 89 136 118 
000026_depth.png 201 120 191 100 182 88 168 90 138 119 
000027_depth.png 200 120 190 101 182 88 168 90 138 118 
000028_depth.png 199 122 190 100 183 89 168 89 138 118 
000029_depth.png 198 122 188.077 101.741 181 90 167 89 137 119 
000030_depth.png 198 122 189 101 182 90 168 90 139 117 
000031_depth.png 198 122 187 101 182 90 169 88 142 117 
000032_depth.png 197 122 189 101 182 90 169 89 141 115 
000033_depth.png 197 124 187.102 105.836 183 89 170 88 142 115 
000034_depth.png 195 123 187.638 106.486 183 89 171 88 144 114 
000035_depth.png 193.334 124.681 187.625 106.003 184 89 171 88 145 114 
000036_depth.png 193.365 125.308 187.595 106.624 183 89 171 89 145 114 
000037_depth.png 193.418 125.925 187.604 106.866 184 90 171 87 146 113 
000038_depth.png 192.518 124.970 186.809 106.509 185 91 173 89 148 112 
000039_depth.png 189.984 126.825 188.536 104.704 186 91 175 89 149 111 
000040_depth.png 192.001 124.215 188.233 104.271 187 93 176 88 152 112 
000041_depth.png 192.766 125.992 188.829 107.433 188 92 177 88 153 110 
000042_depth.png 191.844 125.946 188.862 107.088 187 93 177 89 154 110 
000043_depth.png 190.874 126.024 187.921 107.216 187 92 177 89 155 111 
000044_depth.png 189.991 127.800 187.077 107.117 185 93 175.173 91.711 154 110 
000045_depth.png 189.068 127.790 186.170 107.104 185 93 175.114 91.252 156 108 
000046_depth.png 187.895 127.786 185.815 107.162 175 90 174.690 90.989 156 110 
000047_depth.png 182.636 118.287 185.646 105.283 186 93 174.614 100.899 157 107 
000048_depth.png 183.815 117.319 187 96 184.479 98.312 177.144 99.378 162 107 
000049_depth.png 184.636 116.310 187.235 104.192 181 89 178.808 98.530 163 106 
000050_depth.png 188.333 115.797 187.247 104.196 182 89 179.610 97.671 166 105 
000051_depth.png 185.897 116.055 186.639 104.647 181 90 179.955 97.901 165 106 
000052_depth.png 186.830 116.357 185.831 104.372 183 89 179.826 97.575 170 107 
000053_depth.png 187.480 116.631 186.517 104.394 182 90 181.450 97.280 170 105 
000054_depth.png 171.038 128.953 170.622 118.173 178.187 106.209 181.609 100.374 177.663 108.186 
000055_depth.png 171.036 130.383 171.302 119.167 178.622 106.472 186 93 178.989 109.304 
000056_depth.png 172.902 129.928 172.944 118.512 180.425 105.681 186 91 180.272 108.909 
000057_depth.png 172.951 130.402 173.068 119.074 180.543 106.284 185 92 180.632 109.066 
000058_depth.png 172.875 130.392 173.961 118.692 179.714 103.190 185 92 182.087 108.982 
000059_depth.png 172.945 131.218 177.179 113.817 180.503 103.825 185 93 185.206 109.746 
000060_depth.png 172.728 132.362 175.437 115.737 179.681 103.746 185 94 185.623 108.409 
000061_depth.png 171 133 176.284 115.081 180.737 104.391 186 92 186.408 111.096 
000062_depth.png 168 133 178.320 115.449 182.409 104.539 185 93 187.999 112.652 
000063_depth.png 166 134 172 114 177.544 104.114 185 94 192 106 
000064_depth.png 165 133 171 114 177.554 105.050 184 94 195 105 
000065_depth.png 163 132 172 112 178 102 186 94 198 105 
000066_depth.png 162 131 170 113 177 102 186 94 200 104 
000067_depth.png 162 132 170 113 177 102 185 95 201 105 
000068_depth.png 160 131 169 110 177 100 188 94 204 105 
000069_depth.png 160 128 168 112 178 102 188 95 206 106 
000070_depth.png 160 131 169 112 177 101 188 96 206 106 
000071_depth.png 160 129 169 113 178 102 189 96 207 107 
000072_depth.png 158 128 168 111 177 101 190 96 209 107 
000073_depth.png 156 128 168 110 177 102 189 96 211 107 
000074_depth.png 156 127 167 109 178 100 191 92 216 107 
000075_depth.png 154 124 166 107 177 97 193 93 218 106 
000076_depth.png 153 122 166 105 177 97 193 92 220 106 
000077_depth.png 153 120 165 104 176 95 193 91 221 107 
000078_depth.png 152 119 164 102 176 94 192 91 221 106 
000079_depth.png 152 117 164 100 176 93 193 89 223 105 
000080_depth.png 151 117 164 99 175 90 193 88 224 106 
000081_depth.png 150 115 163 99 176 90 192 87 223 105 
000082_depth.png 149 114 161 97 173 89 190 87 222 104 
000083_depth.png 148 113 158 95 170 86 189 84 224 104 
000084_depth.png 146 113 156 93 168 84 187 83 224 102 
000085_depth.png 144 111 156 93 169 85 186 80 223 101 
000086_depth.png 144 112 153 94 165 83 187 80 223 99 
000087_depth.png 141 110 152 91 162 79 183 77 222 97 
000088_depth.png 140 110 150 90 161 80 182 74 223 95 
000089_depth.png 139 110 149 89 160 77 181 73 222 93 
000090_depth.png 139 110 148 88 159 76 178 71 219 92 
000091_depth.png 138 108 148 87 159 77 179 70 220 91 
000092_depth.png 140 109 149 88 158 75 178 70 217 90 
000093_depth.png 139 111 148 88 157 76 176 71 214 86 
000094_depth.png 140 111 149 89 157 76 176 70 212 86 
000095_depth.png 140 113 148 92 156 75 172 72 209 87 
000096_depth.png 142 115 150 91 158 78 173 70 207 86 
000097_depth.png 142 115 150 92 156 78 171 72 206 85 
000098_depth.png 144 117 150 93 157 80 171 73 203 87 
000099_depth.png 145 117 151 94 158 80 171 72 201 88 
000100_depth.png 148 118 154 95 159 81 170 73 199 87 
000101_depth.png 149 119 155 100 159 82 169 75 198 90 
000102_depth.png 149 121 156 99 160 84 169 76 196 90 
000103_depth.png 152 122 154.743 100.603 158 86 168 77 193 91 
000104_depth.png 154 122 156.185 98.875 157.445 86.254 166 76 188 93 
000105_depth.png 155 123 157.135 100.188 158.034 85.922 166 76 185 92 
000106_depth.png 158.569 123.681 162.795 110.071 162.564 95.457 167.579 90.132 182 93 
000107_depth.png 160.497 123.405 163.813 110.092 163.401 95.186 166.620 90.184 179 94 
000108_depth.png 161.614 123.256 162.279 110.218 162.591 94.167 164 81 178 94 
000109_depth.png 165.109 135.995 164.828 110.560 164.600 95.948 165 82 175 95 
000110_depth.png 166.846 135.817 166.056 110.942 164.478 96.195 164 83 172.023 98.326 
000111_depth.png 163.598 136.165 162.088 112.461 162.322 97.208 163 83 170.021 99.084 
000112_depth.png 162.354 136.204 160.088 112.105 160.727 97.182 160 82 168.446 99.198 
000113_depth.png 166.246 112.032 170.477 107.011 166.215 90.654 161 80 162.501 99.959 
000114_depth.png 165.858 110.843 171.467 98.736 166.645 85.071 159 78 157.072 98.280 
000115_depth.png 166.339 111.293 174 95 167 82 160.603 86.768 156.151 100.215 
000116_depth.png 168.623 117.271 174 95 167 83 159 80 154.953 102.740 
000117_depth.png 168.378 109.562 174 94 166 82 157 80 150.415 101.990 
000118_depth.png 178.005 117.587 176 95 166 83 155.540 80.281 146.168 103.284 
000119_depth.png 179.954 117.741 178 94 168 81 156 80 143 104 
000120_depth.png 183.744 113.645 177 93 167 83 155 81 141 107 
000121_depth.png 187 115 180 91 168 82 154 81 136 109 
000122_depth.png 189 113 180 90 168 81 152 82 133 112 
000123_depth.png 190 110 179 90 166 81 151 82 130 114 
000124_depth.png 191 113 179 90 166 81 151 82 129 116 
000125_depth.png 192 110 179 89 166 80 150 83 129 116 
000126_depth.png 192 109 178 88 164 80 148 85 126 120 
000127_depth.png 194 106 178 87 163 79 146 84 125 124 
000128_depth.png 195 106 178 86 163 79 146 86 123 124 
000129_depth.png 195 105 178 86 163 79 146 85 122 125 
000130_depth.png 197 103 178 85 163 79 145 86 120 129 
000131_depth.png 197 105 179 85 164 79 146 86 120 128 
000132_depth.png 200 104 181 82 166 80 149 86 120 128 
000133_depth.png 202 103 182 85 167 80 150 84 124 127 
000134_depth.png 200.210 111.937 184 82 168 76 150 83 123 128 
000135_depth.png 201 105 184 82 168 78 150 83 124 127 
000136_depth.png 203 102 183.129 90.883 168 77 151 85 124 127 
000137_depth.png 205 102 187 81 170 74 153 81 125 125 
000138_depth.png 211 93 189 75 171 68 153 77 125 123 
000139_depth.png 211 93 190 73 173 66 155 75 125 121 
000140_depth.png 211 91 191 70 173 63 153 72 125 118 
000141_depth.png 212 91 191 70 173 63 154 72 126 120 
000142_depth.png 213 91 192 69 174 63 156 73 126 119 
000143_depth.png 213 90 192 70 175 63 157 71 127 118 
000144_depth.png 212 91 192 71 175 63 155 70 126 118 
000145_depth.png 212 90 191 71 176 63 156 72 127 119 
000146_depth.png 213 92 192 72 174 63 155 73 127 118 
000147_depth.png 213 92 193 70 176 63 155 75 128 117 
000148_depth.png 214 92 193 72 176 63 154 78 129 118 
000149_depth.png 215 90 193 72 176 63 154 82 127 117 
000150_depth.png 214 89 193 69 176 63 153 87 126 117 
000151_depth.png 213 90 191 69 175 63 153 92 128 115 
000152_depth.png 212 89 190 72 173 63 152 95 126 117 
000153_depth.png 212 90 191 71 172 65 152 98 125 117 
000154_depth.png 213 91 189 72 171 66 158.215 119.753 126 119 
000155_depth.png 211 91 188 70 170 66 151 102 125 118 
000156_depth.png 211 90 188 71 169 68 151 106 125 118 
000157_depth.png 211 91 187 73 168 71 156.999 120.014 125 119 
000158_depth.png 209 92 185 75 169 72 154.704 121.250 126 118 
000159_depth.png 209 92 186 74 166 72 154.439 121.404 125 119 
000160_depth.png 210 91 185 73 167 75 155.000 121.304 126 119 
000161_depth.png 209 92 185 73 165 76 155.000 122.047 126 118 
000162_depth.png 209 93 184 75 164 78 155.492 122.855 126 119 
000163_depth.png 209 92 183 75 164 80 155.687 123.342 127 120 
000164_depth.png 210 91 181 77 163 81 155.679 123.831 128 119 
000165_depth.png 210 90 181 78 163 82 155.687 124.022 127 120 
000166_depth.png 208 92 179 78 162 82 155.633 124.174 124 117 
000167_depth.png 208 92 179 80 162 85 154.689 123.972 125 118 
000168_depth.png 208 92 179 79 163 84 155.203 124.581 125 119 
000169_depth.png 209 92 181 79 162 87 155.601 124.336 125 118 
000170_depth.png 209 92 182 79 161 89 156.091 124.431 128 120 
000171_depth.png 210 92 180 80 161 94 152.487 125.339 127 121 
000172_depth.png 210 91 180 80 161 95 152.000 124.787 126 120 
000173_depth.png 209 92 180 81 160 97 152.273 125.379 127 120 
000174_depth.png 210 91 180 81 160.091 99.392 152.258 124.991 126 117 
000175_depth.png 210 90 179 83 159.609 100.365 152.203 124.726 127 118 
000176_depth.png 210 93 179 87 161.752 103.993 152.795 124.972 127 120 
000177_depth.png 210 93 178 89 162.269 104.172 153.258 125.314 127 118 
000178_depth.png 210 94 176.438 116.064 162.325 120.725 154.266 129.313 127 120 
000179_depth.png 210 93 176.262 116.387 162.328 120.551 154.388 129.491 126 118 
000180_depth.png 209 93 176.802 115.846 162.328 121.211 153.440 129.190 127 120 
000181_depth.png 208 93 175.885 115.977 162.000 119.829 153.902 128.920 126 118 
000182_depth.png 208 94 176.390 116.400 162.000 120.368 153.089 128.650 127 118 
000183_depth.png 209 95 176.268 117.136 162.344 120.523 154.164 129.399 128 120 
000184_depth.png 207 96 176.360 117.542 162.344 121.521 153.202 129.789 126 120 
000185_depth.png 208 96 176.871 118.238 161.979 122.051 153.811 129.517 128 120 
000186_depth.png 208 98 176.890 119.938 162.654 122.352 154.531 130.127 128 121 
000187_depth.png 208 97 177.183 120.025 162.654 122.375 154.531 129.783 128 119 
000188_depth.png 209 99 176.862 121.116 162.654 122.570 153.689 130.082 128 120 
000189_depth.png 208 99 177.437 119.715 162.318 121.522 154.258 129.575 126 118 
000190_depth.png 208 100 176.898 120.889 162.654 122.638 154.681 129.095 127 118 
000191_depth.png 209 101 176.983 120.699 162.654 122.440 154.913 128.746 128 118 
000192_depth.png 208 101 177.625 121.032 162.656 122.241 154.531 128.514 127 117 
000193_depth.png 201 105 176.916 121.863 162.654 122.968 154.531 128.793 129 118 
000194_depth.png 202.720 114.121 176.934 121.809 162.657 123.239 154.531 128.868 129 116 
000195_depth.png 192.052 121.160 180.292 124.875 168.200 123.243 154.879 128.316 127 117 
000196_depth.png 193.197 123.250 180.512 124.046 167.363 122.668 154.271 128.554 128 116 
000197_depth.png 193.734 124.124 180.546 124.464 168.342 122.826 154.844 128.352 128 116 
000198_depth.png 193.734 123.932 180.499 123.736 168.590 121.944 155.867 127.781 131 116 
000199_depth.png 194.516 124.486 180.883 124.012 168.647 122.349 156.625 128.314 130 116 
000200_depth.png 194.191 124.197 181.270 123.332 168.797 122.293 156.610 128.009 131 116 
000201_depth.png 194.187 125.062 181.185 124.324 168.797 123.352 156.607 128.138 130 116 
000202_depth.png 193.172 125.044 180.982 124.414 167.786 124.017 156.569 128.016 128 116 
000203_depth.png 191.141 126.953 178.953 125.992 166.766 125.206 156.609 127.304 130 115 
000204_depth.png 192.344 133.278 175.518 128.309 166.637 125.712 156.207 125.677 130 113 
000205_depth.png 191.638 134.331 176.088 129.380 166.451 125.993 156.554 125.711 130 113 
000206_depth.png 192.312 136.406 176.035 129.119 167.181 126.283 157.250 124.896 131 110 
000207_depth.png 191.273 137.437 175.967 129.435 167.181 126.330 157.252 125.063 132 108 
000208_depth.png 190.206 137.428 176.011 129.238 168.580 126.001 159.312 123.970 133 106 
000209_depth.png 189.689 137.778 177.331 128.313 170.090 125.545 164.100 121.498 139 102 
000210_depth.png 190.766 147.379 184.181 146.362 178.504 141.089 164.084 136.463 145 96 
000211_depth.png 191.769 146.463 186.055 145.672 180.356 140.412 166.079 135.776 149 94 
000212_depth.png 164.598 161.159 155.451 152.382 156.472 140.408 155.453 128.362 150 91 
000213_depth.png 165.194 161.547 156.443 152.376 157.469 140.436 156.495 128.280 154 91 
000214_depth.png 164.938 159.389 156.789 150.321 158.764 139.147 159.257 126.764 158 87 
000215_depth.png 164.219 158.749 157.000 149.520 158.996 138.281 160.093 126.110 163.703 87.245 
000216_depth.png 164.625 158.037 157.515 149.040 158.530 137.480 160.561 125.474 163 85 
000217_depth.png 164.609 157.397 157.500 148.513 158.516 137.037 160.535 125.454 165 85 
000218_depth.png 164.306 156.719 158.258 148.400 159.264 137.217 161.228 125.396 170 84 
000219_depth.png 165.241 156.947 159.176 148.322 160.284 137.236 162.285 126.033 171 87 
000220_depth.png 166.328 156.919 160.281 147.210 162.295 137.236 164.308 126.011 174 84 
000221_depth.png 167.334 155.924 162.299 147.294 164.314 137.168 166.328 125.668 179 85 
000222_depth.png 168.334 154.191 164.640 146.677 166.695 136.887 167.580 126.922 182 84 
000223_depth.png 168.590 153.538 165.405 145.902 168.088 136.093 168.654 125.996 186 86 
000224_depth.png 168.672 153.730 165.625 145.874 168.663 136.051 169.687 126.111 189 84 
000225_depth.png 168.062 153.871 165.006 145.341 168.361 135.469 169.357 125.649 190 84 
000226_depth.png 168.178 153.934 165.122 145.342 168.304 135.769 169.220 125.154 186 81 
000227_depth.png 169.280 152.913 166.146 144.390 169.059 134.532 169.847 124.275 186 80 
000228_depth.png 170.537 152.706 167.344 144.318 170.367 134.353 170.367 124.408 186 80 
000229_depth.png 170.750 151.326 168.332 144.022 170.719 134.083 170.700 124.042 185 79 
000230_depth.png 171.717 151.486 168.345 143.954 170.946 133.928 170.720 124.295 182 79 
000231_depth.png 174.154 147.640 171.673 137.855 172.616 132.243 171.027 125.990 176 80 
000232_depth.png 174.631 147.520 171.824 138.819 172.788 133.069 170.703 126.678 174 82 
000233_depth.png 175.226 149.672 171.343 140.497 171.344 133.738 169.671 127.570 172 82 
000234_depth.png 175.149 150.812 170.336 141.509 170.340 134.628 168.319 128.516 169 84 
000235_depth.png 186.013 146.108 182.092 145.374 179.119 139.169 173.152 138.897 162 86 
000236_depth.png 185.513 146.566 181.524 145.874 178.574 139.708 170.689 139.348 158 87 
000237_depth.png 184.600 147.240 180.627 145.697 177.604 139.370 170.228 139.561 154 90 
000238_depth.png 182.752 147.599 178.636 145.832 175.705 138.738 167.233 137.784 150 87 
000239_depth.png 184.992 147.259 177.972 145.870 175.082 138.851 166.481 137.906 149 89 
000240_depth.png 182.596 147.847 177.289 145.949 174.390 138.898 165.890 137.976 147 90 
000241_depth.png 181.254 147.427 175.726 145.560 172.868 138.541 164.931 137.922 142 93 
000242_depth.png 193.190 143.000 186.563 141.990 179.058 136.832 164.997 132.226 139 95 
000243_depth.png 192.293 143.336 185.082 142.300 176.791 137.139 162.701 132.567 136 99 
000244_depth.png 191.874 142.352 184.743 142.300 176.436 137.139 162.135 133.551 134 99 
000245_depth.png 190.433 142.610 183.179 142.704 174.869 137.533 160.417 132.952 131 101 
000246_depth.png 190.407 143.230 183.175 143.321 174.888 138.157 159.423 133.625 131 102 
000247_depth.png 191.366 143.558 183.259 144.397 176.497 138.289 159.564 134.801 129 105 
000248_depth.png 189.738 143.555 183.393 137.853 173.532 139.442 156.291 110.257 129 108 
000249_depth.png 189.407 142.760 183.069 137.031 173.247 138.629 154 110 128 109 
000250_depth.png 189.011 142.790 182.573 136.981 172.765 138.567 155 102 129 112 
000251_depth.png 189.489 143.954 182.676 137.778 172.217 139.691 156 95 127 110 
000252_depth.png 189.522 144.036 182.674 137.819 171.749 139.423 157 89 127 110 
000253_depth.png 188.827 141.837 180.482 135.469 170.862 137.278 156 82 126 111 
000254_depth.png 186.647 142.516 179.968 136.537 169.101 138.118 157 78 125 112 
000255_depth.png 186.486 141.919 179.671 136.651 168.723 138.232 156 76 124 114 
000256_depth.png 186.208 141.834 179.471 137.008 168.452 137.209 153 73 123 116 
000257_depth.png 185.067 139.295 178.404 134.462 167.247 135.657 153 74 121 116 
000258_depth.png 186.002 140.253 179.310 135.423 168.116 136.614 151 74 121 115 
000259_depth.png 185.791 141.396 178.053 136.519 166.695 137.697 152 75 121 117 
000260_depth.png 184.407 140.247 176.813 135.467 165.568 136.634 152 74 121 117 
000261_depth.png 186.149 140.271 178.624 135.608 167.619 136.714 151 76 122 116 
000262_depth.png 187.184 140.708 179.563 135.972 168.543 137.119 151 76 121 117 
000263_depth.png 187.525 140.728 179.893 136.003 168.889 137.161 150 77 123 117 
000264_depth.png 185.668 140.499 178.004 135.381 166.900 136.943 149 78 121 118 
000265_depth.png 186.583 141.356 178.995 136.620 167.925 137.818 148 79 121 118 
000266_depth.png 184.679 139.000 172.574 131.733 162 94 146 81 121 118 
000267_depth.png 183.563 135.677 172.317 131.323 165 87 144 82 119 118 
000268_depth.png 184.465 138.099 172.341 130.929 165 85 145 83 121 119 
000269_depth.png 186.091 138.553 173.971 132.729 167 80 144 82 119 118 
000270_depth.png 186.617 137.375 174.538 131.661 166 77 145 81 121 117 
000271_depth.png 185.796 137.321 173.684 132.466 168 76 144 83 118 119 
000272_depth.png 182.355 137.958 170.186 133.261 167 75 144 81 120 119 
000273_depth.png 182.247 136.976 170.155 132.764 165 75 144 81 120 117 
000274_depth.png 182.245 136.957 170.155 132.771 165 75 143 83 118 118 
000275_depth.png 182.208 136.635 170.156 132.703 164 75 142 80 119 117 
000276_depth.png 181.646 136.262 169.578 132.552 162 74 141 82 118 118 
000277_depth.png 180.974 136.343 168.870 130.896 161 73 140 81 116 119 
000278_depth.png 182.290 136.297 170.233 130.280 158 73 141 83 116 119 
000279_depth.png 181.236 136.501 169.396 129.884 159 75 140 83 115 119 
000280_depth.png 182.043 136.629 170.166 130.101 159 73 139 84 114 118 
000281_depth.png 181.852 136.147 170.115 128.911 158 71 140 84 116 119 
000282_depth.png 181.476 135.477 169.881 128.583 158 72 142 84 117 119 
000283_depth.png 181.518 135.471 169.858 128.461 158 71 141 85 116 118 
000284_depth.png 181.564 135.481 169.905 128.599 158 70 141 85 115 118 
000285_depth.png 177.662 132.836 170 78 158 68 141 84 116 118 
000286_depth.png 178.071 132.087 171 77 157 69 140 84 116 119 
000287_depth.png 177.951 131.815 170 77 156 69 139 85 116 121 
000288_depth.png 176.959 131.191 171 76 153 69 137 88 115 119 
000289_depth.png 175.707 131.756 168 76 151 71 136 86 115 119 
000290_depth.png 175.738 131.645 168 74 150 70 136 87 115 120 
000291_depth.png 174.814 131.566 167 75 149 71 135 87 112 119 
000292_depth.png 174.810 130.835 166 74 149 71 135 86 114 119 
000293_depth.png 174.739 130.506 165 74 147 72 135 87 113 118 
000294_depth.png 175.042 129.794 167 72 147 70 135 84 112 117 
000295_depth.png 175.353 128.345 164 72 149 70 135 84 113 116 
000296_depth.png 178.549 129.025 167.524 123.651 148 68 134 84 113 117 
000297_depth.png 180.727 95.738 168 73 148 69 135 84 115 117 
000298_depth.png 185 91 167 74 148 70 135 84 112 118 
000299_depth.png 187 90 168 74 148 69 134 84 112 118 
000300_depth.png 188 88 167 72 147 68 135 83 111 116 
000301_depth.png 188 87 168 71 148 68 134 82 114 116 
000302_depth.png 191 86 167 71 149 67 134 82 111 116 
000303_depth.png 193 86 168 71 148 67 134 83 110 119 
000304_depth.png 192 86 166 70 148 67 133 82 107 120 
000305_depth.png 193 84 166 67 148 65 134 81 107 122 
000306_depth.png 197 82 168 65 148 62 133 77 105 123 
000307_depth.png 197 80 170 64 150 59 133 73 105 124 
000308_depth.png 199 80 171 62 150 59 133 73 104 121 
000309_depth.png 201 77 171 61 152 55 134 69 106 120 
000310_depth.png 200 80 171 61 152 57 135 71 107 122 
000311_depth.png 200 79 172 61 152 55 134 72 107 121 
000312_depth.png 200 79 170 60 151 56 135 70 107 119 
000313_depth.png 198 79 169 61 152 57 133 68 107 119 
000314_depth.png 197 77 169 60 151 56 134 69 106 118 
000315_depth.png 198 75 170 61 149 56 133 71 106 119 
000316_depth.png 199 78 169 63 151 57 134 69 107 117 
000317_depth.png 196 79 170 63 151 59 136 69 108 119 
000318_depth.png 199 78 169 64 153 60 136 70 108 118 
000319_depth.png 198 80 171 66 153 61 137 70 108 118 
000320_depth.png 198 79 172 65 153 59 139 73 110 121 
000321_depth.png 198 81 172 66 153 61 139 72 111 119 
000322_depth.png 199 79 171 65 153 62 136 72 108 120 
000323_depth.png 198 79 170 64 153 59 136 72 109 118 
000324_depth.png 197 78 171 64 152 61 137 73 106 119 
000325_depth.png 198 79 170 65 152 60 136 72 109 120 
000326_depth.png 199 79 171 64 151 60 137 70 108 120 
000327_depth.png 199 77 170 62 152 58 136 70 110 119 
000328_depth.png 198 75 170 60 153 58 137 71 108 118 
