000000_depth.png 135 132 163 93 180 88 193 93 212 110 
000001_depth.png 135 131 164 93 179 86 194 92 214 110 
000002_depth.png 135 131 164 92 180 85 195 92 214 109 
000003_depth.png 135 131 163 94 180 87 193 93 213 110 
000004_depth.png 135 131 163 94 179 88 193 93 212 111 
000005_depth.png 134 133 162 94 178 87 191 93 212 110 
000006_depth.png 132 131 161 93 177 88 190 94 209 111 
000007_depth.png 133 130 161 92 176 86 191 92 209 110 
000008_depth.png 131 128 161 91 177 84 192 91 210 110 
000009_depth.png 132 128 162 90 178 86 192 92 211 111 
000010_depth.png 132 126 162 90 178 85 191 92 211 110 
000011_depth.png 131 127 161 90 179 84 191 92 210 110 
000012_depth.png 132 126 162 89 179 84 191 94 208 113 
000013_depth.png 132 125 162 91 179 85 191 93 207 113 
000014_depth.png 132 123 163 91 179 86 191 95 207 114 
000015_depth.png 133 123 163 90 179 86 190 94 206 114 
000016_depth.png 132 122 164 91 180 86 191 97 206 115 
000017_depth.png 132 124 165 90 180 87 192 97 206 115 
000018_depth.png 133 123 165 89 181 86 191 95 206 116 
000019_depth.png 134 121 166 88 182 86 192 97 204 116 
000020_depth.png 135 118 166 89 182 87 192 97 205 116 
000021_depth.png 136 122 165 89 182 86 190 97 203 117 
000022_depth.png 134 121 166 89 181 87 190 97 203 118 
000023_depth.png 136 120 165 89 182 88 190 98 203 119 
000024_depth.png 137 120 167 89 182 88 190 99 202 118 
000025_depth.png 136 118 167 89 182 88 191 98 202 118 
000026_depth.png 138 119 168 90 182 88 191 100 201 120 
000027_depth.png 138 118 168 90 182 88 190 101 200 120 
000028_depth.png 138 118 168 89 183 89 190 100 199 122 
000029_depth.png 137 119 167 89 181 90 198 122 
000030_depth.png 139 117 168 90 182 90 189 101 198 122 
000031_depth.png 142 117 169 88 182 90 187 101 198 122 
000032_depth.png 141 115 169 89 182 90 189 101 197 122 
000033_depth.png 142 115 170 88 183 89 197 124 
000034_depth.png 144 114 171 88 183 89 195 123 
000035_depth.png 145 114 171 88 184 89 
000036_depth.png 145 114 171 89 183 89 
000037_depth.png 146 113 171 87 184 90 
000038_depth.png 148 112 173 89 185 91 
000039_depth.png 149 111 175 89 186 91 
000040_depth.png 152 112 176 88 187 93 
000041_depth.png 153 110 177 88 188 92 
000042_depth.png 154 110 177 89 187 93 
000043_depth.png 155 111 177 89 187 92 
000044_depth.png 154 110 177 89 185 93 
000045_depth.png 156 108 177 89 185 93 
000046_depth.png 156 110 175 90 185 94 
000047_depth.png 157 107 177 88 186 93 
000048_depth.png 162 107 181 88 187 96 
000049_depth.png 163 106 181 89 
000050_depth.png 166 105 182 89 
000051_depth.png 165 106 181 90 
000052_depth.png 170 107 183 89 
000053_depth.png 170 105 182 90 
000054_depth.png 185 90 
000055_depth.png 186 93 
000056_depth.png 186 91 
000057_depth.png 185 92 
000058_depth.png 185 92 
000059_depth.png 185 93 
000060_depth.png 185 94 
000061_depth.png 171 133 186 92 
000062_depth.png 168 133 185 93 
000063_depth.png 166 134 172 114 185 94 192 106 
000064_depth.png 165 133 171 114 184 94 195 105 
000065_depth.png 163 132 172 112 178 102 186 94 198 105 
000066_depth.png 162 131 170 113 177 102 186 94 200 104 
000067_depth.png 162 132 170 113 177 102 185 95 201 105 
000068_depth.png 160 131 169 110 177 100 188 94 204 105 
000069_depth.png 160 128 168 112 178 102 188 95 206 106 
000070_depth.png 160 131 169 112 177 101 188 96 206 106 
000071_depth.png 160 129 169 113 178 102 189 96 207 107 
000072_depth.png 158 128 168 111 177 101 190 96 209 107 
000073_depth.png 156 128 168 110 177 102 189 96 211 107 
000074_depth.png 156 127 167 109 178 100 191 92 216 107 
000075_depth.png 154 124 166 107 177 97 193 93 218 106 
000076_depth.png 153 122 166 105 177 97 193 92 220 106 
000077_depth.png 153 120 165 104 176 95 193 91 221 107 
000078_depth.png 152 119 164 102 176 94 192 91 221 106 
000079_depth.png 152 117 164 100 176 93 193 89 223 105 
000080_depth.png 151 117 164 99 175 90 193 88 224 106 
000081_depth.png 150 115 163 99 176 90 192 87 223 105 
000082_depth.png 149 114 161 97 173 89 190 87 222 104 
000083_depth.png 148 113 158 95 170 86 189 84 224 104 
000084_depth.png 146 113 156 93 168 84 187 83 224 102 
000085_depth.png 144 111 156 93 169 85 186 80 223 101 
000086_depth.png 144 112 153 94 165 83 187 80 223 99 
000087_depth.png 141 110 152 91 162 79 183 77 222 97 
000088_depth.png 140 110 150 90 161 80 182 74 223 95 
000089_depth.png 139 110 149 89 160 77 181 73 222 93 
000090_depth.png 139 110 148 88 159 76 178 71 219 92 
000091_depth.png 138 108 148 87 159 77 179 70 220 91 
000092_depth.png 140 109 149 88 158 75 178 70 217 90 
000093_depth.png 139 111 148 88 157 76 176 71 214 86 
000094_depth.png 140 111 149 89 157 76 176 70 212 86 
000095_depth.png 140 113 148 92 156 75 172 72 209 87 
000096_depth.png 142 115 150 91 158 78 173 70 207 86 
000097_depth.png 142 115 150 92 156 78 171 72 206 85 
000098_depth.png 144 117 150 93 157 80 171 73 203 87 
000099_depth.png 145 117 151 94 158 80 171 72 201 88 
000100_depth.png 148 118 154 95 159 81 170 73 199 87 
000101_depth.png 149 119 155 100 159 82 169 75 198 90 
000102_depth.png 149 121 156 99 160 84 169 76 196 90 
000103_depth.png 152 122 158 86 168 77 193 91 
000104_depth.png 154 122 166 76 188 93 
000105_depth.png 155 123 166 76 185 92 
000106_depth.png 166 79 182 93 
000107_depth.png 165 78 179 94 
000108_depth.png 164 81 178 94 
000109_depth.png 165 82 175 95 
000110_depth.png 164 83 
000111_depth.png 163 83 
000112_depth.png 160 82 
000113_depth.png 161 80 
000114_depth.png 159 78 
000115_depth.png 159 81 159 79 167 82 174 95 
000116_depth.png 159 80 167 83 174 95 
000117_depth.png 157 80 166 82 174 94 
000118_depth.png 157 80 166 83 176 95 
000119_depth.png 143 104 156 80 168 81 178 94 
000120_depth.png 141 107 155 81 167 83 177 93 
000121_depth.png 136 109 154 81 168 82 180 91 187 115 
000122_depth.png 133 112 152 82 168 81 180 90 189 113 
000123_depth.png 130 114 151 82 166 81 179 90 190 110 
000124_depth.png 129 116 151 82 166 81 179 90 191 113 
000125_depth.png 129 116 150 83 166 80 179 89 192 110 
000126_depth.png 126 120 148 85 164 80 178 88 192 109 
000127_depth.png 125 124 146 84 163 79 178 87 194 106 
000128_depth.png 123 124 146 86 163 79 178 86 195 106 
000129_depth.png 122 125 146 85 163 79 178 86 195 105 
000130_depth.png 120 129 145 86 163 79 178 85 197 103 
000131_depth.png 120 128 146 86 164 79 179 85 197 105 
000132_depth.png 120 128 149 86 166 80 181 82 200 104 
000133_depth.png 124 127 150 84 167 80 182 85 202 103 
000134_depth.png 123 128 150 83 168 76 184 82 203 101 
000135_depth.png 124 127 150 83 168 78 184 82 201 105 
000136_depth.png 124 127 151 85 168 77 186 81 203 102 
000137_depth.png 125 125 153 81 170 74 187 81 205 102 
000138_depth.png 125 123 153 77 171 68 189 75 211 93 
000139_depth.png 125 121 155 75 173 66 190 73 211 93 
000140_depth.png 125 118 153 72 173 63 191 70 211 91 
000141_depth.png 126 120 154 72 173 63 191 70 212 91 
000142_depth.png 126 119 156 73 174 63 192 69 213 91 
000143_depth.png 127 118 157 71 175 63 192 70 213 90 
000144_depth.png 126 118 155 70 175 63 192 71 212 91 
000145_depth.png 127 119 156 72 176 63 191 71 212 90 
000146_depth.png 127 118 155 73 174 63 192 72 213 92 
000147_depth.png 128 117 155 75 176 63 193 70 213 92 
000148_depth.png 129 118 154 78 176 63 193 72 214 92 
000149_depth.png 127 117 154 82 176 63 193 72 215 90 
000150_depth.png 126 117 153 87 176 63 193 69 214 89 
000151_depth.png 128 115 153 92 175 63 191 69 213 90 
000152_depth.png 126 117 152 95 173 63 190 72 212 89 
000153_depth.png 125 117 152 98 172 65 191 71 212 90 
000154_depth.png 126 119 171 66 189 72 213 91 
000155_depth.png 125 118 151 102 170 66 188 70 211 91 
000156_depth.png 125 118 151 106 169 68 188 71 211 90 
000157_depth.png 125 119 168 71 187 73 211 91 
000158_depth.png 126 118 169 72 185 75 209 92 
000159_depth.png 125 119 166 72 186 74 209 92 
000160_depth.png 126 119 167 75 185 73 210 91 
000161_depth.png 126 118 165 76 185 73 209 92 
000162_depth.png 126 119 164 78 184 75 209 93 
000163_depth.png 127 120 164 80 183 75 209 92 
000164_depth.png 128 119 163 81 181 77 210 91 
000165_depth.png 127 120 163 82 181 78 210 90 
000166_depth.png 124 117 162 82 179 78 208 92 
000167_depth.png 125 118 162 85 179 80 208 92 
000168_depth.png 125 119 163 84 179 79 208 92 
000169_depth.png 125 118 162 87 181 79 209 92 
000170_depth.png 128 120 161 89 182 79 209 92 
000171_depth.png 127 121 161 94 180 80 210 92 
000172_depth.png 126 120 161 95 180 80 210 91 
000173_depth.png 127 120 160 97 180 81 209 92 
000174_depth.png 126 117 180 81 210 91 
000175_depth.png 127 118 179 83 210 90 
000176_depth.png 127 120 179 87 210 93 
000177_depth.png 127 118 178 89 210 93 
000178_depth.png 127 120 210 94 
000179_depth.png 126 118 210 93 
000180_depth.png 127 120 209 93 
000181_depth.png 126 118 208 93 
000182_depth.png 127 118 208 94 
000183_depth.png 128 120 209 95 
000184_depth.png 126 120 207 96 
000185_depth.png 128 120 208 96 
000186_depth.png 128 121 208 98 
000187_depth.png 128 119 208 97 
000188_depth.png 128 120 209 99 
000189_depth.png 126 118 208 99 
000190_depth.png 127 118 208 100 
000191_depth.png 128 118 209 101 
000192_depth.png 127 117 208 101 
000193_depth.png 129 118 201 105 
000194_depth.png 129 116 
000195_depth.png 127 117 
000196_depth.png 128 116 
000197_depth.png 128 116 
000198_depth.png 131 116 
000199_depth.png 130 116 
000200_depth.png 131 116 
000201_depth.png 130 116 
000202_depth.png 128 116 
000203_depth.png 130 115 
000204_depth.png 130 113 
000205_depth.png 130 113 
000206_depth.png 131 110 
000207_depth.png 132 108 
000208_depth.png 133 106 
000209_depth.png 139 102 
000210_depth.png 145 96 
000211_depth.png 149 94 
000212_depth.png 150 91 
000213_depth.png 154 91 
000214_depth.png 158 87 
000215_depth.png 
000216_depth.png 163 85 
000217_depth.png 165 85 
000218_depth.png 170 84 
000219_depth.png 171 87 
000220_depth.png 174 84 
000221_depth.png 179 85 
000222_depth.png 182 84 
000223_depth.png 186 86 
000224_depth.png 189 84 
000225_depth.png 190 84 
000226_depth.png 186 81 
000227_depth.png 186 80 
000228_depth.png 186 80 
000229_depth.png 185 79 
000230_depth.png 182 79 
000231_depth.png 176 80 
000232_depth.png 174 82 
000233_depth.png 172 82 
000234_depth.png 169 84 
000235_depth.png 162 86 
000236_depth.png 158 87 
000237_depth.png 154 90 
000238_depth.png 150 87 
000239_depth.png 149 89 
000240_depth.png 147 90 
000241_depth.png 142 93 
000242_depth.png 139 95 
000243_depth.png 136 99 
000244_depth.png 134 99 
000245_depth.png 131 101 
000246_depth.png 131 102 
000247_depth.png 129 105 
000248_depth.png 129 108 
000249_depth.png 128 109 154 110 
000250_depth.png 129 112 155 102 
000251_depth.png 127 110 156 95 
000252_depth.png 127 110 157 89 
000253_depth.png 126 111 156 82 
000254_depth.png 125 112 157 78 
000255_depth.png 124 114 156 76 
000256_depth.png 123 116 153 73 
000257_depth.png 121 116 153 74 
000258_depth.png 121 115 151 74 
000259_depth.png 121 117 152 75 
000260_depth.png 121 117 152 74 
000261_depth.png 122 116 151 76 
000262_depth.png 121 117 151 76 
000263_depth.png 123 117 150 77 
000264_depth.png 121 118 149 78 
000265_depth.png 121 118 148 79 
000266_depth.png 121 118 146 81 162 94 
000267_depth.png 119 118 144 82 165 87 
000268_depth.png 121 119 145 83 165 85 
000269_depth.png 119 118 144 82 167 80 
000270_depth.png 121 117 145 81 166 77 
000271_depth.png 118 119 144 83 168 76 
000272_depth.png 120 119 144 81 167 75 
000273_depth.png 120 117 144 81 165 75 
000274_depth.png 118 118 143 83 165 75 
000275_depth.png 119 117 142 80 164 75 
000276_depth.png 118 118 141 82 162 74 
000277_depth.png 116 119 140 81 161 73 
000278_depth.png 116 119 141 83 158 73 
000279_depth.png 115 119 140 83 159 75 
000280_depth.png 114 118 139 84 159 73 
000281_depth.png 116 119 140 84 158 71 
000282_depth.png 117 119 142 84 158 72 
000283_depth.png 116 118 141 85 158 71 
000284_depth.png 115 118 141 85 158 70 
000285_depth.png 116 118 141 84 158 68 170 78 
000286_depth.png 116 119 140 84 157 69 171 77 
000287_depth.png 116 121 139 85 156 69 170 77 
000288_depth.png 115 119 137 88 153 69 171 76 
000289_depth.png 115 119 136 86 151 71 168 76 
000290_depth.png 115 120 136 87 150 70 168 74 
000291_depth.png 112 119 135 87 149 71 167 75 
000292_depth.png 114 119 135 86 149 71 166 74 
000293_depth.png 113 118 135 87 147 72 165 74 
000294_depth.png 112 117 135 84 147 70 167 72 
000295_depth.png 113 116 135 84 149 70 164 72 
000296_depth.png 113 117 134 84 148 68 167 73 
000297_depth.png 115 117 135 84 148 69 168 73 
000298_depth.png 112 118 135 84 148 70 167 74 185 91 
000299_depth.png 112 118 134 84 148 69 168 74 187 90 
000300_depth.png 111 116 135 83 147 68 167 72 188 88 
000301_depth.png 114 116 134 82 148 68 168 71 188 87 
000302_depth.png 111 116 134 82 149 67 167 71 191 86 
000303_depth.png 110 119 134 83 148 67 168 71 193 86 
000304_depth.png 107 120 133 82 148 67 166 70 192 86 
000305_depth.png 107 122 134 81 148 65 166 67 193 84 
000306_depth.png 105 123 133 77 148 62 168 65 197 82 
000307_depth.png 105 124 133 73 150 59 170 64 197 80 
000308_depth.png 104 121 133 73 150 59 171 62 199 80 
000309_depth.png 106 120 134 69 152 55 171 61 201 77 
000310_depth.png 107 122 135 71 152 57 171 61 200 80 
000311_depth.png 107 121 134 72 152 55 172 61 200 79 
000312_depth.png 107 119 135 70 151 56 170 60 200 79 
000313_depth.png 107 119 133 68 152 57 169 61 198 79 
000314_depth.png 106 118 134 69 151 56 169 60 197 77 
000315_depth.png 106 119 133 71 149 56 170 61 198 75 
000316_depth.png 107 117 134 69 151 57 169 63 199 78 
000317_depth.png 108 119 136 69 151 59 170 63 196 79 
000318_depth.png 108 118 136 70 153 60 169 64 199 78 
000319_depth.png 108 118 137 70 153 61 171 66 198 80 
000320_depth.png 110 121 139 73 153 59 172 65 198 79 
000321_depth.png 111 119 139 72 153 61 172 66 198 81 
000322_depth.png 108 120 136 72 153 62 171 65 199 79 
000323_depth.png 109 118 136 72 153 59 170 64 198 79 
000324_depth.png 106 119 137 73 152 61 171 64 197 78 
000325_depth.png 109 120 136 72 152 60 170 65 198 79 
000326_depth.png 108 120 137 70 151 60 171 64 199 79 
000327_depth.png 110 119 136 70 152 58 170 62 199 77 
000328_depth.png 108 118 137 71 153 58 170 60 198 75 
000000_depth.png 000001_depth.png 000002_depth.png 000003_depth.png 000004_depth.png 000005_depth.png 000006_depth.png 000007_depth.png 000008_depth.png 000009_depth.png 000010_depth.png 000011_depth.png 000012_depth.png 000013_depth.png 000014_depth.png 000015_depth.png 000016_depth.png 000017_depth.png 000018_depth.png 000019_depth.png 000020_depth.png 000021_depth.png 000022_depth.png 000023_depth.png 000024_depth.png 000025_depth.png 000026_depth.png 000027_depth.png 000028_depth.png 000029_depth.png 000030_depth.png 000031_depth.png 000032_depth.png 000033_depth.png 000034_depth.png 000035_depth.png 000036_depth.png 000037_depth.png 000038_depth.png 000039_depth.png 000040_depth.png 000041_depth.png 000042_depth.png 000043_depth.png 000044_depth.png 000045_depth.png 000046_depth.png 000047_depth.png 000048_depth.png 000049_depth.png 000050_depth.png 000051_depth.png 000052_depth.png 000053_depth.png 000054_depth.png 000055_depth.png 000056_depth.png 000057_depth.png 000058_depth.png 000059_depth.png 000060_depth.png 000061_depth.png 000062_depth.png 000063_depth.png 000064_depth.png 000065_depth.png 000066_depth.png 000067_depth.png 000068_depth.png 000069_depth.png 000070_depth.png 000071_depth.png 000072_depth.png 000073_depth.png 000074_depth.png 000075_depth.png 000076_depth.png 000077_depth.png 000078_depth.png 000079_depth.png 000080_depth.png 000081_depth.png 000082_depth.png 000083_depth.png 000084_depth.png 000085_depth.png 000086_depth.png 000087_depth.png 000088_depth.png 000089_depth.png 000090_depth.png 000091_depth.png 000092_depth.png 000093_depth.png 000094_depth.png 000095_depth.png 000096_depth.png 000097_depth.png 000098_depth.png 000099_depth.png 000100_depth.png 000101_depth.png 000102_depth.png 000103_depth.png 000104_depth.png 000105_depth.png 000106_depth.png 000107_depth.png 000108_depth.png 000109_depth.png 000110_depth.png 000111_depth.png 000112_depth.png 000113_depth.png 000114_depth.png 000115_depth.png 000116_depth.png 000117_depth.png 000118_depth.png 000119_depth.png 000120_depth.png 000121_depth.png 000122_depth.png 000123_depth.png 000124_depth.png 000125_depth.png 000126_depth.png 000127_depth.png 000128_depth.png 000129_depth.png 000130_depth.png 000131_depth.png 000132_depth.png 000133_depth.png 000134_depth.png 000135_depth.png 000136_depth.png 000137_depth.png 000138_depth.png 000139_depth.png 000140_depth.png 000141_depth.png 000142_depth.png 000143_depth.png 000144_depth.png 000145_depth.png 000146_depth.png 000147_depth.png 000148_depth.png 000149_depth.png 000150_depth.png 000151_depth.png 000152_depth.png 000153_depth.png 000154_depth.png 000155_depth.png 000156_depth.png 000157_depth.png 000158_depth.png 000159_depth.png 000160_depth.png 000161_depth.png 000162_depth.png 000163_depth.png 000164_depth.png 000165_depth.png 000166_depth.png 000167_depth.png 000168_depth.png 000169_depth.png 000170_depth.png 000171_depth.png 000172_depth.png 000173_depth.png 000174_depth.png 000175_depth.png 000176_depth.png 000177_depth.png 000178_depth.png 000179_depth.png 000180_depth.png 000181_depth.png 000182_depth.png 000183_depth.png 000184_depth.png 000185_depth.png 000186_depth.png 000187_depth.png 000188_depth.png 000189_depth.png 000190_depth.png 000191_depth.png 000192_depth.png 000193_depth.png 000194_depth.png 000195_depth.png 000196_depth.png 000197_depth.png 000198_depth.png 000199_depth.png 000200_depth.png 000201_depth.png 000202_depth.png 000203_depth.png 000204_depth.png 000205_depth.png 000206_depth.png 000207_depth.png 000208_depth.png 000209_depth.png 000210_depth.png 000211_depth.png 000212_depth.png 000213_depth.png 000214_depth.png 000215_depth.png 000216_depth.png 000217_depth.png 000218_depth.png 000219_depth.png 000220_depth.png 000221_depth.png 000222_depth.png 000223_depth.png 000224_depth.png 000225_depth.png 000226_depth.png 000227_depth.png 000228_depth.png 000229_depth.png 000230_depth.png 000231_depth.png 000232_depth.png 000233_depth.png 000234_depth.png 000235_depth.png 000236_depth.png 000237_depth.png 000238_depth.png 000239_depth.png 000240_depth.png 000241_depth.png 000242_depth.png 000243_depth.png 000244_depth.png 000245_depth.png 000246_depth.png 000247_depth.png 000248_depth.png 000249_depth.png 000250_depth.png 000251_depth.png 000252_depth.png 000253_depth.png 000254_depth.png 000255_depth.png 000256_depth.png 000257_depth.png 000258_depth.png 000259_depth.png 000260_depth.png 000261_depth.png 000262_depth.png 000263_depth.png 000264_depth.png 000265_depth.png 000266_depth.png 000267_depth.png 000268_depth.png 000269_depth.png 000270_depth.png 000271_depth.png 000272_depth.png 000273_depth.png 000274_depth.png 000275_depth.png 000276_depth.png 000277_depth.png 000278_depth.png 000279_depth.png 000280_depth.png 000281_depth.png 000282_depth.png 000283_depth.png 000284_depth.png 000285_depth.png 000286_depth.png 000287_depth.png 000288_depth.png 000289_depth.png 000290_depth.png 000291_depth.png 000292_depth.png 000293_depth.png 000294_depth.png 000295_depth.png 000296_depth.png 000297_depth.png 000298_depth.png 000299_depth.png 000300_depth.png 000301_depth.png 000302_depth.png 000303_depth.png 000304_depth.png 000305_depth.png 000306_depth.png 000307_depth.png 000308_depth.png 000309_depth.png 000310_depth.png 000311_depth.png 000312_depth.png 000313_depth.png 000314_depth.png 000315_depth.png 000316_depth.png 000317_depth.png 000318_depth.png 000319_depth.png 000320_depth.png 000321_depth.png 000322_depth.png 000323_depth.png 000324_depth.png 000325_depth.png 000326_depth.png 000327_depth.png 000328_depth.png 