329
./CVAR/P1/000000_depth.png 180.030 129.514 596.000 
./CVAR/P1/000001_depth.png 181.766 129.861 599.000 
./CVAR/P1/000002_depth.png 181.419 130.556 596.000 
./CVAR/P1/000003_depth.png 180.725 131.597 597.000 
./CVAR/P1/000004_depth.png 180.725 131.597 599.000 
./CVAR/P1/000005_depth.png 180.378 131.944 596.000 
./CVAR/P1/000006_depth.png 178.989 131.944 599.000 
./CVAR/P1/000007_depth.png 178.294 131.944 594.000 
./CVAR/P1/000008_depth.png 179.248 134.605 588.000 
./CVAR/P1/000009_depth.png 179.683 132.639 587.000 
./CVAR/P1/000010_depth.png 178.989 130.903 592.000 
./CVAR/P1/000011_depth.png 178.989 130.903 591.000 
./CVAR/P1/000012_depth.png 178.989 130.903 588.000 
./CVAR/P1/000013_depth.png 178.989 130.903 592.000 
./CVAR/P1/000014_depth.png 178.989 133.681 580.000 
./CVAR/P1/000015_depth.png 178.989 133.681 583.000 
./CVAR/P1/000016_depth.png 179.336 133.681 579.000 
./CVAR/P1/000017_depth.png 179.336 133.681 579.000 
./CVAR/P1/000018_depth.png 179.683 133.681 582.000 
./CVAR/P1/000019_depth.png 180.030 133.333 582.000 
./CVAR/P1/000020_depth.png 181.072 132.639 585.000 
./CVAR/P1/000021_depth.png 180.509 136.208 575.000 
./CVAR/P1/000022_depth.png 179.668 134.279 578.000 
./CVAR/P1/000023_depth.png 180.291 135.233 574.000 
./CVAR/P1/000024_depth.png 181.419 134.722 578.000 
./CVAR/P1/000025_depth.png 181.419 134.722 576.000 
./CVAR/P1/000026_depth.png 181.419 134.722 579.000 
./CVAR/P1/000027_depth.png 181.419 134.722 579.000 
./CVAR/P1/000028_depth.png 181.419 134.722 581.000 
./CVAR/P1/000029_depth.png 182.114 136.806 574.000 
./CVAR/P1/000030_depth.png 181.766 136.458 571.000 
./CVAR/P1/000031_depth.png 180.997 137.138 573.000 
./CVAR/P1/000032_depth.png 180.030 134.375 578.000 
./CVAR/P1/000033_depth.png 180.379 136.293 571.000 
./CVAR/P1/000034_depth.png 181.072 133.681 579.000 
./CVAR/P1/000035_depth.png 181.072 133.681 574.000 
./CVAR/P1/000036_depth.png 180.030 133.681 575.000 
./CVAR/P1/000037_depth.png 180.030 133.681 574.000 
./CVAR/P1/000038_depth.png 180.030 133.681 573.000 
./CVAR/P1/000039_depth.png 180.030 133.681 577.000 
./CVAR/P1/000040_depth.png 180.725 132.292 578.000 
./CVAR/P1/000041_depth.png 182.461 131.944 581.000 
./CVAR/P1/000042_depth.png 182.461 131.944 579.000 
./CVAR/P1/000043_depth.png 182.461 131.944 582.000 
./CVAR/P1/000044_depth.png 182.461 131.944 579.000 
./CVAR/P1/000045_depth.png 182.461 131.944 579.000 
./CVAR/P1/000046_depth.png 181.072 131.944 581.000 
./CVAR/P1/000047_depth.png 180.030 130.556 585.000 
./CVAR/P1/000048_depth.png 180.725 131.944 577.000 
./CVAR/P1/000049_depth.png 181.766 132.986 571.000 
./CVAR/P1/000050_depth.png 181.766 132.986 571.000 
./CVAR/P1/000051_depth.png 182.114 134.375 569.000 
./CVAR/P1/000052_depth.png 182.808 135.417 561.000 
./CVAR/P1/000053_depth.png 183.503 137.153 559.000 
./CVAR/P1/000054_depth.png 183.503 137.153 556.000 
./CVAR/P1/000055_depth.png 185.239 137.153 556.000 
./CVAR/P1/000056_depth.png 185.239 137.153 559.000 
./CVAR/P1/000057_depth.png 185.239 137.153 552.000 
./CVAR/P1/000058_depth.png 187.322 137.847 552.000 
./CVAR/P1/000059_depth.png 187.322 137.847 549.000 
./CVAR/P1/000060_depth.png 187.322 137.847 542.000 
./CVAR/P1/000061_depth.png 187.322 137.847 547.000 
./CVAR/P1/000062_depth.png 187.322 137.847 549.000 
./CVAR/P1/000063_depth.png 183.850 144.792 540.000 
./CVAR/P1/000064_depth.png 184.544 144.792 541.000 
./CVAR/P1/000065_depth.png 180.842 141.046 545.000 
./CVAR/P1/000066_depth.png 180.725 139.583 547.000 
./CVAR/P1/000067_depth.png 180.725 139.583 553.000 
./CVAR/P1/000068_depth.png 180.725 139.583 574.000 
./CVAR/P1/000069_depth.png 180.965 139.542 570.000 
./CVAR/P1/000070_depth.png 180.725 138.194 588.000 
./CVAR/P1/000071_depth.png 180.725 138.194 583.000 
./CVAR/P1/000072_depth.png 180.725 138.194 595.000 
./CVAR/P1/000073_depth.png 181.419 136.806 594.000 
./CVAR/P1/000074_depth.png 182.808 136.458 582.000 
./CVAR/P1/000075_depth.png 182.808 136.458 595.000 
./CVAR/P1/000076_depth.png 182.808 136.458 587.000 
./CVAR/P1/000077_depth.png 182.808 136.458 590.000 
./CVAR/P1/000078_depth.png 182.808 136.458 592.000 
./CVAR/P1/000079_depth.png 182.323 132.910 588.000 
./CVAR/P1/000080_depth.png 182.114 131.250 586.000 
./CVAR/P1/000081_depth.png 182.114 131.250 583.000 
./CVAR/P1/000082_depth.png 182.114 131.250 589.000 
./CVAR/P1/000083_depth.png 182.114 131.250 579.000 
./CVAR/P1/000084_depth.png 182.114 131.250 575.000 
./CVAR/P1/000085_depth.png 181.766 126.042 582.000 
./CVAR/P1/000086_depth.png 181.766 126.042 573.000 
./CVAR/P1/000087_depth.png 178.989 122.917 579.000 
./CVAR/P1/000088_depth.png 178.989 122.917 575.000 
./CVAR/P1/000089_depth.png 176.558 120.833 574.000 
./CVAR/P1/000090_depth.png 173.780 116.319 575.000 
./CVAR/P1/000091_depth.png 174.315 112.302 575.000 
./CVAR/P1/000092_depth.png 173.780 110.764 574.000 
./CVAR/P1/000093_depth.png 172.739 112.847 572.000 
./CVAR/P1/000094_depth.png 173.433 114.583 568.000 
./CVAR/P1/000095_depth.png 174.089 119.243 553.000 
./CVAR/P1/000096_depth.png 173.086 118.403 561.000 
./CVAR/P1/000097_depth.png 173.086 118.403 559.000 
./CVAR/P1/000098_depth.png 173.086 118.403 562.000 
./CVAR/P1/000099_depth.png 172.739 118.403 556.000 
./CVAR/P1/000100_depth.png 172.044 118.403 564.000 
./CVAR/P1/000101_depth.png 173.086 119.792 557.000 
./CVAR/P1/000102_depth.png 173.780 119.792 554.000 
./CVAR/P1/000103_depth.png 174.475 122.222 548.000 
./CVAR/P1/000104_depth.png 174.475 122.222 542.000 
./CVAR/P1/000105_depth.png 174.475 122.222 535.000 
./CVAR/P1/000106_depth.png 174.475 122.569 535.000 
./CVAR/P1/000107_depth.png 174.475 122.569 535.000 
./CVAR/P1/000108_depth.png 174.475 122.569 535.000 
./CVAR/P1/000109_depth.png 174.475 122.569 535.000 
./CVAR/P1/000110_depth.png 174.475 122.569 535.000 
./CVAR/P1/000111_depth.png 174.475 125.347 535.000 
./CVAR/P1/000112_depth.png 174.475 125.347 535.000 
./CVAR/P1/000113_depth.png 174.475 125.347 535.000 
./CVAR/P1/000114_depth.png 175.516 126.389 535.000 
./CVAR/P1/000115_depth.png 175.169 126.389 535.000 
./CVAR/P1/000116_depth.png 175.169 126.389 535.000 
./CVAR/P1/000117_depth.png 174.822 128.125 532.000 
./CVAR/P1/000118_depth.png 174.822 128.125 535.000 
./CVAR/P1/000119_depth.png 174.822 128.125 543.000 
./CVAR/P1/000120_depth.png 174.822 128.125 545.000 
./CVAR/P1/000121_depth.png 174.822 126.389 544.000 
./CVAR/P1/000122_depth.png 174.822 126.389 553.000 
./CVAR/P1/000123_depth.png 172.372 132.822 546.000 
./CVAR/P1/000124_depth.png 174.069 131.114 546.000 
./CVAR/P1/000125_depth.png 174.676 129.751 551.000 
./CVAR/P1/000126_depth.png 174.584 130.445 549.000 
./CVAR/P1/000127_depth.png 173.479 129.773 551.000 
./CVAR/P1/000128_depth.png 175.098 129.563 555.000 
./CVAR/P1/000129_depth.png 174.080 129.655 553.000 
./CVAR/P1/000130_depth.png 174.725 130.665 552.000 
./CVAR/P1/000131_depth.png 175.698 129.562 553.000 
./CVAR/P1/000132_depth.png 176.984 129.165 550.000 
./CVAR/P1/000133_depth.png 176.797 127.508 556.000 
./CVAR/P1/000134_depth.png 178.559 127.801 551.000 
./CVAR/P1/000135_depth.png 178.315 128.675 551.000 
./CVAR/P1/000136_depth.png 178.566 129.152 547.000 
./CVAR/P1/000137_depth.png 179.354 125.203 547.000 
./CVAR/P1/000138_depth.png 180.182 126.300 543.000 
./CVAR/P1/000139_depth.png 180.046 123.340 544.000 
./CVAR/P1/000140_depth.png 180.176 121.592 541.000 
./CVAR/P1/000141_depth.png 182.815 121.426 540.000 
./CVAR/P1/000142_depth.png 182.812 119.698 541.000 
./CVAR/P1/000143_depth.png 182.016 121.219 537.000 
./CVAR/P1/000144_depth.png 182.064 119.795 539.000 
./CVAR/P1/000145_depth.png 182.992 119.881 539.000 
./CVAR/P1/000146_depth.png 181.321 118.357 540.000 
./CVAR/P1/000147_depth.png 181.025 115.123 540.000 
./CVAR/P1/000148_depth.png 183.176 117.515 544.000 
./CVAR/P1/000149_depth.png 182.062 113.551 547.000 
./CVAR/P1/000150_depth.png 182.608 118.324 537.000 
./CVAR/P1/000151_depth.png 182.427 117.414 540.000 
./CVAR/P1/000152_depth.png 181.897 114.131 540.000 
./CVAR/P1/000153_depth.png 179.400 111.532 547.000 
./CVAR/P1/000154_depth.png 178.733 114.665 546.000 
./CVAR/P1/000155_depth.png 177.116 114.215 545.000 
./CVAR/P1/000156_depth.png 177.682 115.146 544.000 
./CVAR/P1/000157_depth.png 179.336 116.319 542.000 
./CVAR/P1/000158_depth.png 179.336 116.319 545.000 
./CVAR/P1/000159_depth.png 177.473 116.895 546.000 
./CVAR/P1/000160_depth.png 179.189 117.286 542.000 
./CVAR/P1/000161_depth.png 177.253 115.625 543.000 
./CVAR/P1/000162_depth.png 177.253 115.625 549.000 
./CVAR/P1/000163_depth.png 177.947 117.014 544.000 
./CVAR/P1/000164_depth.png 177.947 117.014 542.000 
./CVAR/P1/000165_depth.png 177.947 117.014 545.000 
./CVAR/P1/000166_depth.png 177.947 117.014 543.000 
./CVAR/P1/000167_depth.png 177.947 117.014 542.000 
./CVAR/P1/000168_depth.png 177.947 117.014 543.000 
./CVAR/P1/000169_depth.png 180.030 121.528 535.000 
./CVAR/P1/000170_depth.png 180.030 121.528 536.000 
./CVAR/P1/000171_depth.png 179.849 120.127 537.000 
./CVAR/P1/000172_depth.png 180.725 118.403 541.000 
./CVAR/P1/000173_depth.png 180.378 119.097 537.000 
./CVAR/P1/000174_depth.png 182.114 119.792 536.000 
./CVAR/P1/000175_depth.png 182.114 119.792 535.000 
./CVAR/P1/000176_depth.png 181.419 119.792 539.000 
./CVAR/P1/000177_depth.png 183.155 121.181 536.000 
./CVAR/P1/000178_depth.png 183.155 121.181 534.000 
./CVAR/P1/000179_depth.png 183.155 121.181 535.000 
./CVAR/P1/000180_depth.png 182.461 121.181 536.000 
./CVAR/P1/000181_depth.png 181.766 121.528 537.000 
./CVAR/P1/000182_depth.png 181.419 121.528 537.000 
./CVAR/P1/000183_depth.png 181.419 121.528 536.000 
./CVAR/P1/000184_depth.png 181.419 121.528 536.000 
./CVAR/P1/000185_depth.png 182.114 123.611 536.000 
./CVAR/P1/000186_depth.png 183.850 124.653 533.000 
./CVAR/P1/000187_depth.png 183.503 125.347 533.000 
./CVAR/P1/000188_depth.png 183.850 125.347 532.000 
./CVAR/P1/000189_depth.png 183.850 125.347 537.000 
./CVAR/P1/000190_depth.png 183.850 125.347 530.000 
./CVAR/P1/000191_depth.png 183.850 125.347 533.000 
./CVAR/P1/000192_depth.png 183.850 125.347 534.000 
./CVAR/P1/000193_depth.png 183.850 125.347 531.000 
./CVAR/P1/000194_depth.png 183.850 125.694 532.000 
./CVAR/P1/000195_depth.png 183.503 125.347 528.000 
./CVAR/P1/000196_depth.png 182.114 122.222 534.000 
./CVAR/P1/000197_depth.png 182.461 125.000 526.000 
./CVAR/P1/000198_depth.png 182.461 125.000 527.000 
./CVAR/P1/000199_depth.png 182.808 125.000 526.000 
./CVAR/P1/000200_depth.png 180.725 121.528 532.000 
./CVAR/P1/000201_depth.png 180.725 121.528 529.000 
./CVAR/P1/000202_depth.png 180.725 121.528 529.000 
./CVAR/P1/000203_depth.png 180.725 121.528 531.000 
./CVAR/P1/000204_depth.png 180.030 124.306 524.000 
./CVAR/P1/000205_depth.png 180.725 123.611 526.000 
./CVAR/P1/000206_depth.png 180.725 123.611 526.000 
./CVAR/P1/000207_depth.png 180.725 123.611 525.000 
./CVAR/P1/000208_depth.png 180.725 123.611 526.000 
./CVAR/P1/000209_depth.png 180.725 123.611 527.000 
./CVAR/P1/000210_depth.png 184.544 124.653 530.000 
./CVAR/P1/000211_depth.png 188.711 123.958 531.000 
./CVAR/P1/000212_depth.png 189.753 125.347 530.000 
./CVAR/P1/000213_depth.png 190.100 126.389 534.000 
./CVAR/P1/000214_depth.png 189.058 127.083 531.000 
./CVAR/P1/000215_depth.png 188.364 129.514 527.000 
./CVAR/P1/000216_depth.png 188.364 129.514 529.000 
./CVAR/P1/000217_depth.png 188.364 130.208 533.000 
./CVAR/P1/000218_depth.png 188.364 130.208 535.000 
./CVAR/P1/000219_depth.png 188.016 130.208 536.000 
./CVAR/P1/000220_depth.png 188.016 130.208 534.000 
./CVAR/P1/000221_depth.png 188.016 130.208 534.000 
./CVAR/P1/000222_depth.png 187.322 132.639 529.000 
./CVAR/P1/000223_depth.png 190.447 131.597 534.000 
./CVAR/P1/000224_depth.png 188.364 131.597 534.000 
./CVAR/P1/000225_depth.png 186.628 130.903 534.000 
./CVAR/P1/000226_depth.png 186.975 130.903 534.000 
./CVAR/P1/000227_depth.png 186.975 130.903 534.000 
./CVAR/P1/000228_depth.png 186.975 130.903 534.000 
./CVAR/P1/000229_depth.png 188.016 129.514 534.000 
./CVAR/P1/000230_depth.png 188.016 129.514 534.000 
./CVAR/P1/000231_depth.png 188.016 129.514 534.000 
./CVAR/P1/000232_depth.png 188.711 129.514 534.000 
./CVAR/P1/000233_depth.png 190.447 128.125 534.000 
./CVAR/P1/000234_depth.png 190.447 128.125 534.000 
./CVAR/P1/000235_depth.png 190.447 128.125 537.000 
./CVAR/P1/000236_depth.png 189.753 128.819 542.000 
./CVAR/P1/000237_depth.png 191.141 131.597 532.000 
./CVAR/P1/000238_depth.png 192.183 128.819 539.000 
./CVAR/P1/000239_depth.png 191.489 127.778 537.000 
./CVAR/P1/000240_depth.png 190.794 126.736 537.000 
./CVAR/P1/000241_depth.png 189.058 126.389 539.000 
./CVAR/P1/000242_depth.png 189.405 122.569 541.000 
./CVAR/P1/000243_depth.png 186.975 123.958 541.000 
./CVAR/P1/000244_depth.png 187.669 123.958 541.000 
./CVAR/P1/000245_depth.png 184.891 122.222 540.000 
./CVAR/P1/000246_depth.png 184.891 122.917 541.000 
./CVAR/P1/000247_depth.png 184.891 122.917 540.000 
./CVAR/P1/000248_depth.png 181.766 122.917 539.000 
./CVAR/P1/000249_depth.png 181.419 124.306 540.000 
./CVAR/P1/000250_depth.png 183.155 124.306 542.000 
./CVAR/P1/000251_depth.png 182.461 125.347 537.000 
./CVAR/P1/000252_depth.png 182.461 125.347 535.000 
./CVAR/P1/000253_depth.png 181.766 124.653 534.000 
./CVAR/P1/000254_depth.png 179.336 119.444 541.000 
./CVAR/P1/000255_depth.png 178.989 119.444 537.000 
./CVAR/P1/000256_depth.png 174.822 118.056 535.000 
./CVAR/P1/000257_depth.png 171.350 118.403 531.000 
./CVAR/P1/000258_depth.png 173.433 119.444 531.000 
./CVAR/P1/000259_depth.png 172.044 119.444 528.000 
./CVAR/P1/000260_depth.png 170.655 119.444 531.000 
./CVAR/P1/000261_depth.png 171.697 116.667 541.000 
./CVAR/P1/000262_depth.png 173.780 118.056 538.000 
./CVAR/P1/000263_depth.png 174.128 118.056 537.000 
./CVAR/P1/000264_depth.png 172.044 119.792 533.000 
./CVAR/P1/000265_depth.png 172.044 119.792 536.000 
./CVAR/P1/000266_depth.png 171.003 121.181 536.000 
./CVAR/P1/000267_depth.png 169.614 121.875 536.000 
./CVAR/P1/000268_depth.png 169.614 122.222 532.000 
./CVAR/P1/000269_depth.png 172.312 122.472 535.000 
./CVAR/P1/000270_depth.png 171.795 121.170 533.000 
./CVAR/P1/000271_depth.png 172.044 121.181 534.000 
./CVAR/P1/000272_depth.png 172.044 121.181 531.000 
./CVAR/P1/000273_depth.png 172.044 121.181 531.000 
./CVAR/P1/000274_depth.png 172.044 121.181 531.000 
./CVAR/P1/000275_depth.png 172.044 121.181 532.000 
./CVAR/P1/000276_depth.png 170.308 121.528 529.000 
./CVAR/P1/000277_depth.png 169.614 122.222 530.000 
./CVAR/P1/000278_depth.png 167.183 122.222 528.000 
./CVAR/P1/000279_depth.png 166.141 123.611 530.000 
./CVAR/P1/000280_depth.png 165.794 123.611 526.000 
./CVAR/P1/000281_depth.png 165.794 123.611 527.000 
./CVAR/P1/000282_depth.png 165.447 122.917 529.000 
./CVAR/P1/000283_depth.png 165.447 122.917 527.000 
./CVAR/P1/000284_depth.png 165.447 122.917 525.000 
./CVAR/P1/000285_depth.png 160.283 119.289 526.000 
./CVAR/P1/000286_depth.png 160.933 118.056 530.000 
./CVAR/P1/000287_depth.png 160.933 118.056 534.000 
./CVAR/P1/000288_depth.png 158.850 115.278 536.000 
./CVAR/P1/000289_depth.png 156.766 112.847 546.000 
./CVAR/P1/000290_depth.png 156.766 112.500 545.000 
./CVAR/P1/000291_depth.png 152.600 110.417 545.000 
./CVAR/P1/000292_depth.png 152.600 110.417 545.000 
./CVAR/P1/000293_depth.png 152.600 110.417 547.000 
./CVAR/P1/000294_depth.png 151.905 108.681 548.000 
./CVAR/P1/000295_depth.png 153.294 105.208 548.000 
./CVAR/P1/000296_depth.png 162.322 118.403 525.000 
./CVAR/P1/000297_depth.png 160.239 111.806 531.000 
./CVAR/P1/000298_depth.png 160.586 113.889 531.000 
./CVAR/P1/000299_depth.png 161.280 113.889 529.000 
./CVAR/P1/000300_depth.png 160.933 113.194 526.000 
./CVAR/P1/000301_depth.png 159.891 118.056 517.000 
./CVAR/P1/000302_depth.png 157.114 119.444 517.000 
./CVAR/P1/000303_depth.png 157.114 117.014 513.000 
./CVAR/P1/000304_depth.png 157.114 117.014 515.000 
./CVAR/P1/000305_depth.png 156.766 114.236 521.000 
./CVAR/P1/000306_depth.png 154.336 111.806 527.000 
./CVAR/P1/000307_depth.png 154.336 111.806 524.000 
./CVAR/P1/000308_depth.png 155.378 106.250 527.000 
./CVAR/P1/000309_depth.png 160.933 111.111 523.000 
./CVAR/P1/000310_depth.png 159.197 114.931 516.000 
./CVAR/P1/000311_depth.png 162.322 115.625 517.000 
./CVAR/P1/000312_depth.png 160.586 112.847 521.000 
./CVAR/P1/000313_depth.png 160.586 112.847 520.000 
./CVAR/P1/000314_depth.png 160.586 112.847 518.000 
./CVAR/P1/000315_depth.png 160.586 112.847 516.000 
./CVAR/P1/000316_depth.png 159.197 107.639 526.000 
./CVAR/P1/000317_depth.png 159.891 110.069 522.000 
./CVAR/P1/000318_depth.png 159.891 110.069 523.000 
./CVAR/P1/000319_depth.png 159.891 110.069 523.000 
./CVAR/P1/000320_depth.png 161.441 116.311 514.000 
./CVAR/P1/000321_depth.png 161.628 116.319 517.000 
./CVAR/P1/000322_depth.png 161.628 116.319 513.000 
./CVAR/P1/000323_depth.png 160.586 113.889 518.000 
./CVAR/P1/000324_depth.png 160.239 114.236 513.000 
./CVAR/P1/000325_depth.png 160.239 114.236 517.000 
./CVAR/P1/000326_depth.png 158.850 112.153 518.000 
./CVAR/P1/000327_depth.png 164.058 110.764 519.000 
./CVAR/P1/000328_depth.png 164.753 117.014 512.000 
