000000_depth.png 82 65 108 46 127 42 148 48 195 93 
000001_depth.png 82 68 107 43 125 37 147 43 196 98 
000002_depth.png 78 78 104 52 121 47 145 52 193 102 
000003_depth.png 79 80 101 55 120 50 142 56 188 104 
000004_depth.png 80 88 101 65 118 59 139 64 183 108 
000005_depth.png 82 90 102 67 117 61 139 65 182 108 
000006_depth.png 83 94 102 72 119 65 140 69 183 112 
000007_depth.png 84 99 105 79 120 70 140 75 184 117 
000008_depth.png 83 98 104 77 120 69 141 74 184 115 
000009_depth.png 85 99 107 77 121 70 142 74 184 116 
000010_depth.png 86 98 108 77 122 70 144 73 186 116 
000011_depth.png 88 98 108 76 123 68 144 74 187 116 
000012_depth.png 87 96 109 74 123 68 144 72 187 114 
000013_depth.png 85 93 107 71 122 64 143 68 189 110 
000014_depth.png 86 92 108 69 123 62 143 67 189 110 
000015_depth.png 87 91 108 69 123 61 144 66 192 107 
000016_depth.png 85 91 107 68 122 61 144 64 191 108 
000017_depth.png 88 91 109 68 124 60 144 63 190 108 
000018_depth.png 86 89 109 65 125 58 145 62 192 107 
000019_depth.png 86 87 109 65 125 56 144 61 194 106 
000020_depth.png 89 88 109 66 126 57 143 60 195 105 
000021_depth.png 89 87 111 64 127 57 143 64 191 107 
000022_depth.png 90 87 111 65 126 57 142 65 195 106 
000023_depth.png 92 90 111 67 128 60 144.208 71.120 196 107 
000024_depth.png 91 89 113 67 129 59 142.661 78.182 196 107 
000025_depth.png 93 90 113 66 130 58 143.539 83.836 198 107 
000026_depth.png 91 89 114 68 130 59 144.478 86.398 196 107 
000027_depth.png 92 91 113 67 131 59 142.543 86.287 196 107 
000028_depth.png 95 92 113 68 131 61 145.250 89.411 197 108 
000029_depth.png 92 91 113 70 132 61 144.703 99.903 197 108 
000030_depth.png 91 94 113 71 129 62 144.108 101.695 195 108 
000031_depth.png 92 93 112 70 131 63 144.428 103.369 197 107 
000032_depth.png 93 94 113 71 129 66 144.516 104.333 195 108 
000033_depth.png 92 95 113 72 129 65 144.530 106.189 194 110 
000034_depth.png 93 94 114 73 130 65 144.961 107.647 194 109 
000035_depth.png 94 95 114 73 129 66 145.072 108.486 194 109 
000036_depth.png 95 94 116 76 131 68 145.805 109.801 196 109 
000037_depth.png 94 95 115 78 130 70 145.566 109.922 196 109 
000038_depth.png 95 96 115 78 130 69 145.653 110.327 194 109 
000039_depth.png 97 96 116 81 133 76 148.163 121.982 195 109 
000040_depth.png 96 96 117 83 132 77 148.754 121.781 195 109 
000041_depth.png 97 97 119 83 133 77 148.514 121.606 197 110 
000042_depth.png 98 97 118 84 134 79 148.857 121.590 195 110 
000043_depth.png 98 97 120 84 135 79 148.813 121.734 194 109 
000044_depth.png 97 96 118 85 134 79 149.632 122.142 197 110 
000045_depth.png 97 96 118 84 135 79 149.264 122.557 194 110 
000046_depth.png 98 97 118 82 132 79 148.600 121.237 196 109 
000047_depth.png 97 96 117 79 131 76 148.414 121.536 197 109 
000048_depth.png 95 97 112 76 128 70 146.957 118.838 196 109 
000049_depth.png 95 98 114 77 128 69 146.617 109.892 196 109 
000050_depth.png 96 98 113 77 127 67 145.869 106.422 195 109 
000051_depth.png 96 98 112 77 127 69 145.185 104.637 193 112 
000052_depth.png 95 99 112 75 128 70 145.604 92.494 195 108 
000053_depth.png 96 97 112 77 126 68 144.295 88.102 194 109 
000054_depth.png 95 97 113 75 127 66 142.879 81.723 195 107 
000055_depth.png 94 98 112 77 124 68 141.199 76.369 196 107 
000056_depth.png 95 101 111 76 125 67 141 72 195 108 
000057_depth.png 96 100 112 77 125 68 142 71 194 108 
000058_depth.png 96 99 113 76 125 67 143 70 195 108 
000059_depth.png 95 99 111 76 125 67 142 70 194 107 
000060_depth.png 96 100 111 76 124 67 145 70 194 108 
000061_depth.png 96 101 113 77 125 68 148 68 196 107 
000062_depth.png 104.381 121.379 112 80 125 69 147 71 196 108 
000063_depth.png 95 102 112 79 126 67 149 71 195 108 
000064_depth.png 95 103 113 80 126 68 149 72 195 108 
000065_depth.png 97 102 113 80 126 68 148 72 194 107 
000066_depth.png 97 102 113 78 125 67 148 72 195 106 
000067_depth.png 96 101 113 78 126 68 148 72 194 108 
000068_depth.png 97 103 114 79 127 67 148 71 195 107 
000069_depth.png 99 102 113 80 126 69 148 72 194 106 
000070_depth.png 97 102 114 79 127 70 148 71 196 107 
000071_depth.png 100 102 114 77 128 70 147 71 195 105 
000072_depth.png 107.173 119.475 114 76 128 72 150 69 198 102 
000073_depth.png 100 101 113 76 128 71 148 68 198 101 
000074_depth.png 99 101 113 77 127 74 148 68 197 103 
000075_depth.png 98 103 112 77 129 75 148 68 196 102 
000076_depth.png 99 101 114 76 130 78 147 68 196 102 
000077_depth.png 100 103 117 76 138.281 104.397 147 68 197 102 
000078_depth.png 99 103 115 77 137.263 105.408 148 69 197 101 
000079_depth.png 101 103 115 77 130.402 89.126 148 69 198 102 
000080_depth.png 100 102 117 78 137.386 106.163 147 68 196 103 
000081_depth.png 102 104 118 84 137.752 107.346 147 70 197 102 
000082_depth.png 101 103 119 84 137.466 107.920 148 69 195 102 
000083_depth.png 101 104 118 86 138.281 109.658 148 69 197 102 
000084_depth.png 101 104 119 88 138.266 110.203 148 71 196 102 
000085_depth.png 102 103 120 89 138.284 110.203 149 71 197 101 
000086_depth.png 101 105 121 92 137.483 110.440 151 71 198 103 
000087_depth.png 102 105 121 93 137.817 110.665 148 73 197 102 
000088_depth.png 102 106 122 92 138.219 110.313 148 72 195 104 
000089_depth.png 102 106 122 93 138.219 110.367 151 71 197 103 
000090_depth.png 103 105 122 93 138.219 110.297 149 72 198 103 
000091_depth.png 103 105 122 92 138.218 111.620 148 72 195 104 
000092_depth.png 102 105 124 94 139.597 112.653 150 72 195 103 
000093_depth.png 103 103 124 95 139.609 113.039 149 71 196 101 
000094_depth.png 102 106 125 95 139.607 113.038 149 71 197 102 
000095_depth.png 103 105 124 95 139.607 113.030 147 70 197 102 
000096_depth.png 102 105 125 96 145.390 125.884 149 71 197 102 
000097_depth.png 103 104 124 97 145.391 125.886 148 70 198 103 
000098_depth.png 103 106 127 96 146.002 125.709 148 71 197 103 
000099_depth.png 104 105 127 97 145.938 125.797 148 71 196 103 
000100_depth.png 103 103 126 96 145.934 125.797 148 70 196 101 
000101_depth.png 103 105 126 97 146.201 125.677 148 72 196 104 
000102_depth.png 104 106 128 97 146.078 125.780 148 73 198 103 
000103_depth.png 104 105 125 94 146.007 125.750 150 75 196 105 
000104_depth.png 103 106 122 87 145.611 118.640 148 72 198 104 
000105_depth.png 104 106 117 79 144.916 118.590 150 72 197 103 
000106_depth.png 104 106 116 81 144.377 119.615 149 73 199 103 
000107_depth.png 105 106 116 79 141.771 117.175 149 73 199 104 
000108_depth.png 105 108 116 83 142.009 114.819 148 75 197 105 
000109_depth.png 104 107 116 81 139.775 111.365 151 75 199 106 
000110_depth.png 102 108 114 82 134 91 150 75 198 106 
000111_depth.png 103 110 117 83 132 86 151 75 198 106 
000112_depth.png 103 109 116 83 133 84 151 77 200 106 
000113_depth.png 103 108 115 83 133 85 151 76 198 106 
000114_depth.png 103 110 115 84 131 82 152 77 199 106 
000115_depth.png 103 110 115 85 131 79 152 78 197 108 
000116_depth.png 102 111 115 84 132 76 151 77 200 107 
000117_depth.png 102 111 115 86 130 76 153 79 197 108 
000118_depth.png 104 111 115 88 128 74 153 78 199 107 
000119_depth.png 102 110 116 88 132 74 153 77 200 108 
000120_depth.png 103 110 116 86 134 76 155 78 198 108 
000121_depth.png 104 113 117 88 136 78 155 81 198 109 
000122_depth.png 102 113 117 92 138 82 152 80 198 108 
000123_depth.png 103 111 118 89 136 81 153 79 198 109 
000124_depth.png 103 111 118 89 137 81 154 79 198 109 
000125_depth.png 104 111 118 89 137 81 155 80 198 109 
000126_depth.png 103 112 118 88 136 80 154 79 198 108 
000127_depth.png 103 111 116 86 136 78 155 79 197 108 
000128_depth.png 101 112 118 87 136 79 154 79 197 107 
000129_depth.png 103 112 119 88 137 79 154 79 197 109 
000130_depth.png 104 114 120 91 136 76 154 79 196 108 
000131_depth.png 104 113 121 94 136 77 153 77 196 108 
000132_depth.png 104 113 122 94 136 76 153 77 197 107 
000133_depth.png 105 111 123 98 135 75 153 77 197 106 
000134_depth.png 103 112 124 100 136 77 153 77 198 105 
000135_depth.png 102 112 123 102 135 76 152 78 198 106 
000136_depth.png 102 110 124 103 135 76 153 77 197 105 
000137_depth.png 103 110 124 102 135 75 154 77 198 106 
000138_depth.png 102 112 122 106 133 78 152 77 195 105 
000139_depth.png 101 111 125 106 133 78 151 77 197 105 
000140_depth.png 103 110 126 104 134 79 154 79 199 105 
000141_depth.png 104 113 130.679 117.353 133 79 153 79 196 106 
000142_depth.png 103 111 136.703 129.621 133 81 152 79 197 107 
000143_depth.png 103 111 137.264 130.273 133 80 152 78 196 105 
000144_depth.png 103 112 136.149 128.973 132 80 153 78 197 107 
000145_depth.png 103 112 135.628 129.042 132 80 152 80 197 106 
000146_depth.png 103 113 137.525 132.743 131 82 152 79 197 106 
000147_depth.png 102 115 137.098 133.579 130 83 151 80 197 108 
000148_depth.png 102 115 134.770 132.971 128 84 150 81 194 109 
000149_depth.png 102 116 135.832 135.488 130 86 153 82 196 110 
000150_depth.png 101 116 135.005 135.669 129 87 150 83 197 110 
000151_depth.png 100 118 135.043 137.167 129 88 150 84 196 111 
000152_depth.png 101 119 133.870 140.313 128 90 152 85 196 113 
000153_depth.png 101 118 134.403 139.704 130 89 152 87 196 112 
000154_depth.png 101 119 134.007 140.037 128 88 150 85 194 113 
000155_depth.png 102 119 134.813 139.806 129 89 151 86 196 112 
000156_depth.png 102 120 134.738 134.251 129 88 151 84 197 112 
000157_depth.png 101 119 134.228 131.763 129 88 151 85 196 111 
000158_depth.png 102 120 129.519 127.017 129 87 151 85 196 112 
000159_depth.png 100 120 127.556 123.762 129 86 151 85 196 112 
000160_depth.png 100 120 126.025 119.246 129 86 152 86 196 114 
000161_depth.png 102 120 123 112 129 86 152 86 197 112 
000162_depth.png 102 122 119 108 130 85 151 87 196 114 
000163_depth.png 101 121 117 102 128 84 151 86 196 113 
000164_depth.png 100 119 115 101 129 85 149 86 195 112 
000165_depth.png 101 121 114 98 129 86 150 86 194 114 
000166_depth.png 100 121 113 96 130 86 150 87 195 114 
000167_depth.png 100 120 112 95 130 87 150 86 196 114 
000168_depth.png 98 123 111 102 129 89 149 87 195 116 
000169_depth.png 98 125 113.462 111.836 128 89 149 88 194 119 
000170_depth.png 100 125 111 98 131 90 150 87 194 118 
000171_depth.png 99 126 112 100 131 90 150 89 193 119 
000172_depth.png 100 127 113 100 131 91 151 88 194 118 
000173_depth.png 99 126 114 99 134 90 151 89 194 118 
000174_depth.png 100 123 113 100 133 91 150 89 196 117 
000175_depth.png 98 123 116 98 133 91 150 88 194 118 
000176_depth.png 97 120 116 95 134 87 150 88 194 116 
000177_depth.png 99 119 117 94 136 86 151 86 196 117 
000178_depth.png 98 117 117 93 134 86 152 85 196 116 
000179_depth.png 100 117 117 95 136 86 152 86 197 116 
000180_depth.png 100 116 119 95 135 86 150 85 194 116 
000181_depth.png 101 115 118 94 135 85 151 85 197 115 
000182_depth.png 104 116 120 95 136 84 152 84 195 114 
000183_depth.png 106 115 121 96 138 83 151 83 196 114 
000184_depth.png 106 114 120 96 138 84 151 83 196 114 
000185_depth.png 108 115 122 96 139 84 152 83 196 114 
000186_depth.png 108 115 123 97 138 83 152 83 198 112 
000187_depth.png 110 116 121 98 135 83 152 83 196 113 
000188_depth.png 110 116 121 96 138 84 153 83 198 114 
000189_depth.png 113 118 121 96 138 82 153 83 196 112 
000190_depth.png 113.297 122.732 121 97 136 82 150 81 198 111 
000191_depth.png 115.938 128.869 121 97 137 83 150 81 197 110 
000192_depth.png 123.345 136.548 122 96 137 83 148 80 197 110 
000193_depth.png 124.170 136.150 122 95 136 81 150 80 196 111 
000194_depth.png 124.140 137.298 122 95 136 83 147 80 197 111 
000195_depth.png 123.986 137.358 122 93 135 83 148 80 197 110 
000196_depth.png 123.375 137.618 121 96 135 84 147 80 197 111 
000197_depth.png 123.974 138.719 121 97 136 83 147 82 196 112 
000198_depth.png 123.827 138.747 122 98 136 83 147 81 196 112 
000199_depth.png 122.914 138.796 123 101 135 84 145 82 196 112 
000200_depth.png 122.984 138.897 123 103 135 84 147 83 197 112 
000201_depth.png 122.783 139.655 123 104 136 84 146 83 198 112 
000202_depth.png 122.843 139.554 123 105 135 83 146 81 198 112 
000203_depth.png 123.374 139.495 123 105 134 83 145 84 197 112 
000204_depth.png 122.809 139.638 122 106 134 83 145 83 197 111 
000205_depth.png 122.987 139.521 123 107 134 83 146 83 197 111 
000206_depth.png 122.758 139.654 124 107 134 83 146 85 197 112 
000207_depth.png 122.992 139.651 123 106 135 84 145 82 198 110 
000208_depth.png 124.130 138.647 121 103 134 84 146 83 197 111 
000209_depth.png 123.888 138.725 122 102 135 84 146 83 198 110 
000210_depth.png 122.720 137.589 120 99 135 82 148 81 196 110 
000211_depth.png 123.119 137.748 122 99 135 82 147 80 196 110 
000212_depth.png 121.707 137.265 120 101 135 85 148 82 195 114 
000213_depth.png 108 120 119 100 135 86 148 85 195 115 
000214_depth.png 106 116 119 98 135 86 149 83 195 114 
000215_depth.png 105 118 118 96 135 87 148 85 194 115 
000216_depth.png 101 115 116 94 133 86 147 83 195 114 
000217_depth.png 101 114 116 93 132 84 148 83 194 116 
000218_depth.png 97 115 114 93 132 85 148 83 197 115 
000219_depth.png 97 116 112 93 132 85 149 83 198 114 
000220_depth.png 94 118 111 93 130 84 148 82 196 114 
000221_depth.png 96 119 111 94 131 83 149 83 195 114 
000222_depth.png 97 119 115 94 132 86 150 82 195 115 
000223_depth.png 99 120 116 96 133 87 150 84 195 117 
000224_depth.png 100 123 117 98 133 88 150 86 198 117 
000225_depth.png 100 121 118 98 134 89 149 87 197 118 
000226_depth.png 96 124 114 98 132 90 148 87 194 118 
000227_depth.png 99 121 114 98 132 89 148 87 193 118 
000228_depth.png 97 121 114 97 132 90 150 87 194 117 
000229_depth.png 105.311 137.318 115 97 133 89 149 87 197 120 
000230_depth.png 96 121 113 96 133 88 146 87 194 117 
000231_depth.png 97 120 116 95 133 88 148 84 193 118 
000232_depth.png 96 121 112 94 131 87 147 86 195 117 
000233_depth.png 96 121 115 97 133 88 148 85 194 117 
000234_depth.png 95 123 115 99 130 86 146 86 195 119 
000235_depth.png 97 121 116 99 132 85 147 86 193 117 
000236_depth.png 98 120 119 100 132 86 148 85 195 115 
000237_depth.png 98 122 120 102 134 87 148 85 194 117 
000238_depth.png 99 121 118 106 133 88 147 87 194 118 
000239_depth.png 98 123 118 110 130 88 148 87 194 119 
000240_depth.png 99 125 116 112 129 88 147 88 191 119 
000241_depth.png 95 122 129.613 136.946 128 86 145 84 194 115 
000242_depth.png 95 120 130.080 139.868 127 87 145 87 193 117 
000243_depth.png 97 122 129.847 141.893 127 89 146 87 192 119 
000244_depth.png 96 119 131.308 141.279 126 88 145 87 193 118 
000245_depth.png 96 120 130.207 138.650 125 87 146 88 193 116 
000246_depth.png 96 120 129.965 139.066 125 88 145 87 192 118 
000247_depth.png 95 119 129.438 140.028 124 87 147 86 194 114 
000248_depth.png 95 121 128.965 140.182 124 87 144 86 194 115 
000249_depth.png 95 121 128.879 143.171 122 87 145 89 194 116 
000250_depth.png 94 120 129.003 141.463 121 87 147 86 194 116 
000251_depth.png 95 121 129.003 145.061 122 87 147 89 194 119 
000252_depth.png 95 122 128.876 144.562 122 88 144 89 192 118 
000253_depth.png 95 122 128.065 143.759 122 88 146 89 193 118 
000254_depth.png 94 123 128.382 141.343 122 89 145 88 191 120 
000255_depth.png 94 123 128.395 141.196 122 89 144 88 192 120 
000256_depth.png 92 126 128.387 146.082 121 91 143 91 189 121 
000257_depth.png 93 125 129.266 144.625 121 93 144 93 191 121 
000258_depth.png 93 126 129.241 144.493 123 91 143 91 189 121 
000259_depth.png 93 126 117.788 131.360 123 92 143 91 189 122 
000260_depth.png 93 127 114 119 123 91 146 95 191 121 
000261_depth.png 94 128 109 113 122 90 145 92 190 122 
000262_depth.png 93 131 106 110 122 94 142 94 188 123 
000263_depth.png 93 132 106 111 120 95 140 93 190 124 
000264_depth.png 92 130 105 106 121 94 142 93 188 123 
000265_depth.png 93 130 106 103 124 93 144 93 189 123 
000266_depth.png 94 130 105 104 125 93 145 94 188 123 
000267_depth.png 93 130 106 106 123 95 143 94 188 124 
000268_depth.png 94 132 107 103 124 95 144 94 189 126 
000269_depth.png 93 132 107 104 125 96 144 94 188 126 
000270_depth.png 101.213 145.235 109 103 126 96 143 93 193 125 
000271_depth.png 101.876 143.813 110 106 127 96 146 95 195 125 
000272_depth.png 93 132 109 104 129 97 145 96 195 126 
000273_depth.png 92 132 109 105 126 96 145 96 195 126 
000274_depth.png 92 130 109 103 127 96 145 95 193 125 
000275_depth.png 94 129 108 103 126 94 146 95 192 126 
000276_depth.png 93 129 109 103 126 93 145 96 193 126 
000277_depth.png 93 129 110 104 126 95 144 95 192 125 
000278_depth.png 95 129 109 104 125 93 143 94 191 125 
000279_depth.png 95 129 110 103 125 92 145 94 190 125 
000280_depth.png 95 128 110 103 123 91 145 93 189 126 
000281_depth.png 93 128 109 102 123 91 144 93 193 122 
000282_depth.png 94 127 110 103 123 93 143 93 191 122 
000283_depth.png 95 127 110 103 122 94 144 94 192 121 
000284_depth.png 94 127 110 102 124 96 144 94 189 122 
000285_depth.png 96 127 110 101 125 103 144 93 191 121 
000286_depth.png 95 125 110 101 126 103 144 93 192 120 
000287_depth.png 96 127 111 102 129 105 145 92 192 119 
000288_depth.png 97 127 110 103 127 107 144 93 191 120 
000289_depth.png 94 127 111 103 127.856 108.110 144 92 193 120 
000290_depth.png 95 127 111 107 127.303 110.470 146 91 190 121 
000291_depth.png 96 128 113 106 132.884 120.189 145 89 190 119 
000292_depth.png 98 126 115 110 133.512 120.386 146 90 192 119 
000293_depth.png 98 128 117.025 114.639 133.207 122.640 144 90 192 118 
000294_depth.png 98 127 117.983 117.114 134.403 127.590 142 91 192 118 
000295_depth.png 96 127 118.005 118.624 132.204 126.875 142 93 190 119 
000296_depth.png 97 128 117.271 118.901 132.445 127.047 141 93 191 120 
000297_depth.png 96 128 117.288 118.877 132.808 127.696 141 92 192 119 
000298_depth.png 96 127 118.030 118.640 131.750 126.766 140 92 191 119 
000299_depth.png 98 129 117.758 118.497 131.222 126.460 140 94 191 119 
000300_depth.png 96 129 117.065 118.703 132.124 126.874 140 92 191 120 
000301_depth.png 96 126 117.015 118.665 132.126 126.858 140 91 190 118 
000302_depth.png 96 127 117.269 118.891 132.197 127.057 140 92 190 118 
000303_depth.png 96 129 117.028 118.674 132.124 126.855 139 93 191 119 
000304_depth.png 96 128 116.823 117.418 130.978 125.500 138 92 190 118 
000305_depth.png 93 128 114 109 129.423 121.541 138 91 190 118 
000306_depth.png 95 127 111 108 129.374 119.940 141 91 192 116 
000307_depth.png 95 127 111 107 126.631 115.571 141 91 191 117 
000308_depth.png 94 127 111 106 124 107 141 93 191 117 
000309_depth.png 95 128 108 105 125.755 110.779 141 91 191 118 
000310_depth.png 94 128 107 103 118 91 143 90 191 117 
000311_depth.png 94 127 106 101 118 88 143 89 192 115 
000312_depth.png 92 127 103 100 118 89 142 89 189 115 
000313_depth.png 93 128 105 100 122 92 141 89 189 116 
000314_depth.png 93 128 105 100 122 92 143 91 189 117 
000315_depth.png 93 128 105 101 126 92 144 92 189 116 
000316_depth.png 93 129 105 102 127 94 145 92 190 117 
000317_depth.png 95 133 107 104 127 96 147 93 185 119 
000318_depth.png 96 130 106 104 128 94 146 95 185 120 
000319_depth.png 96 132 108 103 128 95 147 95 186 118 
000320_depth.png 96 130 108 101 129 95 147 93 186 119 
000321_depth.png 98 131 107 101 127 93 144 91 187 120 
000322_depth.png 94 129 108 101 125 93 144 90 190 116 
000323_depth.png 93 127 106 100 126 90 142 88 191 116 
000324_depth.png 94 128 107 101 127 90 142 89 192 118 
000325_depth.png 95 127 106 101 126 92 142 89 191 118 
000326_depth.png 93 129 106 100 126 93 140 89 191 118 
000327_depth.png 94 128 106 101 126 90 141 88 191 117 
000328_depth.png 93 129 108 105 125 91 139 88 190 117 
000329_depth.png 93 126 106 99 124 91 139 89 190 115 
000330_depth.png 94 129 106 99 124 91 138 92 189 119 
000331_depth.png 96 128 107 101 125 92 139 93 190 118 
000332_depth.png 94 132 106 101 124 93 138.640 98.684 187 119 
000333_depth.png 90 131 103 105 124 92 135.452 101.663 186 120 
000334_depth.png 91 131 103 103 123 93 135.186 102.856 188 120 
000335_depth.png 92 130 106 101 124 92 140.501 131.444 190 120 
000336_depth.png 91 129 104 101 122 91 136.171 110.592 187 119 
000337_depth.png 90 129 104 102 122 91 142.896 135.580 188 121 
000338_depth.png 92 128 106 101 122 89 140.625 129.481 189 120 
000339_depth.png 90 129 104 100 121 89 139.703 128.861 189 119 
000340_depth.png 91 128 105 99 123 88 139.876 129.757 190 119 
000341_depth.png 91 130 106 101 122 89 139.710 131.025 188 120 
000342_depth.png 90 129 105 102 118 89 139.979 132.129 188 120 
000343_depth.png 92 130 104 101 118 89 139.102 132.599 188 120 
000344_depth.png 91 129 105 101 117 90 138.590 131.376 188 120 
000345_depth.png 93 129 104 101 120 88 138.500 131.397 188 119 
000346_depth.png 91 130 104 102 117 89 138.563 131.886 186 121 
000347_depth.png 91 130 106 101 117 90 138.172 131.876 187 120 
000348_depth.png 91 129 105 102 118 91 138.168 131.878 189 120 
000349_depth.png 90 130 105 102 120 91 142.443 136.133 189 121 
000350_depth.png 92 131 106 102 118 91 137.909 130.684 187 120 
000351_depth.png 90 130 105 103 119 92 136.510 127.789 188 120 
000352_depth.png 91 130 105 103 120 90 140.090 130.292 187 120 
000353_depth.png 91 130 104 102 119 89 139.951 129.209 188 119 
000354_depth.png 91 130 103 101 119 90 130.252 106.837 190 118 
000355_depth.png 90 130 104 100 120 90 132.507 97.769 190 121 
000356_depth.png 91 129 106 100 119 89 133.068 95.701 190 119 
000357_depth.png 91 129 105 102 119 90 133.622 94.288 190 119 
000358_depth.png 90 129 104 100 119 88 135 86 190 118 
000359_depth.png 89 130 105 99 121 88 135 87 188 117 
000360_depth.png 91 128 106 100 122 89 139 87 190 119 
000361_depth.png 92 131 106 101 122 90 143 89 190 119 
000362_depth.png 91 129 105 101 123 92 143 91 187 122 
000363_depth.png 93 131 105 103 125 93 144 94 188 121 
000364_depth.png 93 130 108 102 126 92 145 94 187 124 
000365_depth.png 95 131 105 101 125 92 145 95 186 123 
000366_depth.png 95 130 106 102 126 93 146 93 187 122 
000367_depth.png 96 131 107 102 125 93 145 94 186 123 
000368_depth.png 95 131 107 102 126 93 144 93 186 122 
000369_depth.png 93 131 107 100 124 93 144 93 185 121 
000370_depth.png 94 131 107 101 125 92 143 93 185 122 
