371
./CVAR/P5/000000_depth.png 125.722 93.209 367.000 
./CVAR/P5/000001_depth.png 125.722 93.209 373.000 
./CVAR/P5/000002_depth.png 124.024 98.302 377.000 
./CVAR/P5/000003_depth.png 123.175 100.000 389.000 
./CVAR/P5/000004_depth.png 119.779 110.187 408.000 
./CVAR/P5/000005_depth.png 120.628 112.733 411.000 
./CVAR/P5/000006_depth.png 120.628 111.036 417.000 
./CVAR/P5/000007_depth.png 119.779 113.582 422.000 
./CVAR/P5/000008_depth.png 123.175 122.071 418.000 
./CVAR/P5/000009_depth.png 123.175 122.071 413.000 
./CVAR/P5/000010_depth.png 124.873 119.525 414.000 
./CVAR/P5/000011_depth.png 124.873 119.525 411.000 
./CVAR/P5/000012_depth.png 124.873 119.525 407.000 
./CVAR/P5/000013_depth.png 124.873 119.525 402.000 
./CVAR/P5/000014_depth.png 126.570 114.431 402.000 
./CVAR/P5/000015_depth.png 127.419 116.129 396.000 
./CVAR/P5/000016_depth.png 127.419 116.129 396.000 
./CVAR/P5/000017_depth.png 127.419 116.129 396.000 
./CVAR/P5/000018_depth.png 131.664 111.036 394.000 
./CVAR/P5/000019_depth.png 129.966 111.036 394.000 
./CVAR/P5/000020_depth.png 129.966 111.036 392.000 
./CVAR/P5/000021_depth.png 130.815 113.582 389.000 
./CVAR/P5/000022_depth.png 130.815 113.582 388.000 
./CVAR/P5/000023_depth.png 131.664 113.582 394.000 
./CVAR/P5/000024_depth.png 133.362 116.129 394.000 
./CVAR/P5/000025_depth.png 133.362 116.129 394.000 
./CVAR/P5/000026_depth.png 134.211 116.129 391.000 
./CVAR/P5/000027_depth.png 134.211 116.129 393.000 
./CVAR/P5/000028_depth.png 135.059 116.129 393.000 
./CVAR/P5/000029_depth.png 137.606 114.431 398.000 
./CVAR/P5/000030_depth.png 134.211 114.431 396.000 
./CVAR/P5/000031_depth.png 133.362 114.431 394.000 
./CVAR/P5/000032_depth.png 133.362 113.582 396.000 
./CVAR/P5/000033_depth.png 133.362 113.582 398.000 
./CVAR/P5/000034_depth.png 133.362 113.582 400.000 
./CVAR/P5/000035_depth.png 131.664 114.431 397.000 
./CVAR/P5/000036_depth.png 131.664 114.431 395.000 
./CVAR/P5/000037_depth.png 131.664 114.431 396.000 
./CVAR/P5/000038_depth.png 131.664 116.129 399.000 
./CVAR/P5/000039_depth.png 132.513 116.129 398.000 
./CVAR/P5/000040_depth.png 132.513 116.129 394.000 
./CVAR/P5/000041_depth.png 132.513 116.129 398.000 
./CVAR/P5/000042_depth.png 132.513 116.129 398.000 
./CVAR/P5/000043_depth.png 132.513 116.129 396.000 
./CVAR/P5/000044_depth.png 133.362 115.280 397.000 
./CVAR/P5/000045_depth.png 135.908 117.827 397.000 
./CVAR/P5/000046_depth.png 136.757 117.827 394.000 
./CVAR/P5/000047_depth.png 136.757 117.827 393.000 
./CVAR/P5/000048_depth.png 136.757 117.827 395.000 
./CVAR/P5/000049_depth.png 136.757 117.827 395.000 
./CVAR/P5/000050_depth.png 136.757 117.827 395.000 
./CVAR/P5/000051_depth.png 136.757 118.676 399.000 
./CVAR/P5/000052_depth.png 135.908 119.525 396.000 
./CVAR/P5/000053_depth.png 135.908 120.374 395.000 
./CVAR/P5/000054_depth.png 135.908 120.374 393.000 
./CVAR/P5/000055_depth.png 135.908 120.374 397.000 
./CVAR/P5/000056_depth.png 135.908 120.374 395.000 
./CVAR/P5/000057_depth.png 135.908 120.374 398.000 
./CVAR/P5/000058_depth.png 135.908 120.374 398.000 
./CVAR/P5/000059_depth.png 135.059 118.676 398.000 
./CVAR/P5/000060_depth.png 135.059 118.676 401.000 
./CVAR/P5/000061_depth.png 135.059 118.676 399.000 
./CVAR/P5/000062_depth.png 135.059 118.676 398.000 
./CVAR/P5/000063_depth.png 135.059 118.676 400.000 
./CVAR/P5/000064_depth.png 135.059 118.676 396.000 
./CVAR/P5/000065_depth.png 135.059 118.676 400.000 
./CVAR/P5/000066_depth.png 135.059 118.676 400.000 
./CVAR/P5/000067_depth.png 135.059 118.676 402.000 
./CVAR/P5/000068_depth.png 134.211 116.978 398.000 
./CVAR/P5/000069_depth.png 134.211 116.978 401.000 
./CVAR/P5/000070_depth.png 134.211 116.978 398.000 
./CVAR/P5/000071_depth.png 136.757 115.280 399.000 
./CVAR/P5/000072_depth.png 137.606 116.978 397.000 
./CVAR/P5/000073_depth.png 139.304 117.827 397.000 
./CVAR/P5/000074_depth.png 139.304 117.827 395.000 
./CVAR/P5/000075_depth.png 139.304 117.827 396.000 
./CVAR/P5/000076_depth.png 139.304 117.827 396.000 
./CVAR/P5/000077_depth.png 139.304 117.827 398.000 
./CVAR/P5/000078_depth.png 139.304 117.827 396.000 
./CVAR/P5/000079_depth.png 139.304 117.827 397.000 
./CVAR/P5/000080_depth.png 139.304 117.827 395.000 
./CVAR/P5/000081_depth.png 139.304 117.827 394.000 
./CVAR/P5/000082_depth.png 139.304 117.827 395.000 
./CVAR/P5/000083_depth.png 139.304 117.827 397.000 
./CVAR/P5/000084_depth.png 139.304 117.827 397.000 
./CVAR/P5/000085_depth.png 139.304 117.827 397.000 
./CVAR/P5/000086_depth.png 139.304 117.827 395.000 
./CVAR/P5/000087_depth.png 139.304 120.374 396.000 
./CVAR/P5/000088_depth.png 139.304 120.374 390.000 
./CVAR/P5/000089_depth.png 139.304 120.374 390.000 
./CVAR/P5/000090_depth.png 139.304 120.374 390.000 
./CVAR/P5/000091_depth.png 139.304 120.374 390.000 
./CVAR/P5/000092_depth.png 139.304 120.374 388.000 
./CVAR/P5/000093_depth.png 139.304 120.374 388.000 
./CVAR/P5/000094_depth.png 139.304 120.374 388.000 
./CVAR/P5/000095_depth.png 139.304 120.374 388.000 
./CVAR/P5/000096_depth.png 141.851 125.467 388.000 
./CVAR/P5/000097_depth.png 141.851 125.467 388.000 
./CVAR/P5/000098_depth.png 141.851 125.467 392.000 
./CVAR/P5/000099_depth.png 141.851 125.467 392.000 
./CVAR/P5/000100_depth.png 141.851 125.467 392.000 
./CVAR/P5/000101_depth.png 141.851 125.467 392.000 
./CVAR/P5/000102_depth.png 141.851 125.467 392.000 
./CVAR/P5/000103_depth.png 141.851 125.467 392.000 
./CVAR/P5/000104_depth.png 145.246 131.409 388.000 
./CVAR/P5/000105_depth.png 143.548 130.560 390.000 
./CVAR/P5/000106_depth.png 143.548 123.769 392.000 
./CVAR/P5/000107_depth.png 141.002 127.165 392.000 
./CVAR/P5/000108_depth.png 141.002 127.165 395.000 
./CVAR/P5/000109_depth.png 141.002 127.165 396.000 
./CVAR/P5/000110_depth.png 141.002 127.165 397.000 
./CVAR/P5/000111_depth.png 141.002 127.165 395.000 
./CVAR/P5/000112_depth.png 141.002 127.165 394.000 
./CVAR/P5/000113_depth.png 141.851 127.165 399.000 
./CVAR/P5/000114_depth.png 143.548 127.165 398.000 
./CVAR/P5/000115_depth.png 143.548 127.165 401.000 
./CVAR/P5/000116_depth.png 143.548 127.165 398.000 
./CVAR/P5/000117_depth.png 143.548 127.165 399.000 
./CVAR/P5/000118_depth.png 143.548 127.165 399.000 
./CVAR/P5/000119_depth.png 143.548 127.165 397.000 
./CVAR/P5/000120_depth.png 143.548 127.165 399.000 
./CVAR/P5/000121_depth.png 144.397 128.862 399.000 
./CVAR/P5/000122_depth.png 144.397 128.862 399.000 
./CVAR/P5/000123_depth.png 144.397 128.862 403.000 
./CVAR/P5/000124_depth.png 144.397 128.862 403.000 
./CVAR/P5/000125_depth.png 144.397 128.862 402.000 
./CVAR/P5/000126_depth.png 144.397 128.862 400.000 
./CVAR/P5/000127_depth.png 144.397 128.862 399.000 
./CVAR/P5/000128_depth.png 144.397 128.862 400.000 
./CVAR/P5/000129_depth.png 144.397 128.862 399.000 
./CVAR/P5/000130_depth.png 145.246 122.920 405.000 
./CVAR/P5/000131_depth.png 145.246 122.920 402.000 
./CVAR/P5/000132_depth.png 145.246 123.769 403.000 
./CVAR/P5/000133_depth.png 145.246 123.769 404.000 
./CVAR/P5/000134_depth.png 145.246 123.769 403.000 
./CVAR/P5/000135_depth.png 145.246 123.769 403.000 
./CVAR/P5/000136_depth.png 145.246 123.769 403.000 
./CVAR/P5/000137_depth.png 145.246 120.374 404.000 
./CVAR/P5/000138_depth.png 146.418 120.849 405.000 
./CVAR/P5/000139_depth.png 147.267 118.302 407.000 
./CVAR/P5/000140_depth.png 146.418 119.151 407.000 
./CVAR/P5/000141_depth.png 142.699 120.374 409.000 
./CVAR/P5/000142_depth.png 144.397 119.525 408.000 
./CVAR/P5/000143_depth.png 144.397 119.525 409.000 
./CVAR/P5/000144_depth.png 144.397 122.071 403.000 
./CVAR/P5/000145_depth.png 144.397 122.920 404.000 
./CVAR/P5/000146_depth.png 144.397 122.920 402.000 
./CVAR/P5/000147_depth.png 144.397 122.920 405.000 
./CVAR/P5/000148_depth.png 143.548 126.316 403.000 
./CVAR/P5/000149_depth.png 141.002 128.862 400.000 
./CVAR/P5/000150_depth.png 141.851 129.711 403.000 
./CVAR/P5/000151_depth.png 141.851 129.711 403.000 
./CVAR/P5/000152_depth.png 141.002 133.956 402.000 
./CVAR/P5/000153_depth.png 141.002 133.956 401.000 
./CVAR/P5/000154_depth.png 141.002 134.805 398.000 
./CVAR/P5/000155_depth.png 141.002 134.805 400.000 
./CVAR/P5/000156_depth.png 141.002 134.805 401.000 
./CVAR/P5/000157_depth.png 141.002 134.805 401.000 
./CVAR/P5/000158_depth.png 142.699 132.258 401.000 
./CVAR/P5/000159_depth.png 142.699 132.258 404.000 
./CVAR/P5/000160_depth.png 142.699 132.258 402.000 
./CVAR/P5/000161_depth.png 142.699 132.258 403.000 
./CVAR/P5/000162_depth.png 142.699 132.258 400.000 
./CVAR/P5/000163_depth.png 142.699 132.258 401.000 
./CVAR/P5/000164_depth.png 142.699 132.258 398.000 
./CVAR/P5/000165_depth.png 142.699 132.258 398.000 
./CVAR/P5/000166_depth.png 142.699 132.258 402.000 
./CVAR/P5/000167_depth.png 142.699 132.258 400.000 
./CVAR/P5/000168_depth.png 142.699 132.258 404.000 
./CVAR/P5/000169_depth.png 142.699 132.258 400.000 
./CVAR/P5/000170_depth.png 139.304 133.956 403.000 
./CVAR/P5/000171_depth.png 139.304 133.956 404.000 
./CVAR/P5/000172_depth.png 139.304 133.956 406.000 
./CVAR/P5/000173_depth.png 141.002 133.956 405.000 
./CVAR/P5/000174_depth.png 141.851 133.956 403.000 
./CVAR/P5/000175_depth.png 142.699 133.956 401.000 
./CVAR/P5/000176_depth.png 142.699 133.107 395.000 
./CVAR/P5/000177_depth.png 142.699 133.107 396.000 
./CVAR/P5/000178_depth.png 142.699 133.956 397.000 
./CVAR/P5/000179_depth.png 142.699 133.956 395.000 
./CVAR/P5/000180_depth.png 142.699 133.956 395.000 
./CVAR/P5/000181_depth.png 142.699 134.805 392.000 
./CVAR/P5/000182_depth.png 142.699 134.805 393.000 
./CVAR/P5/000183_depth.png 142.699 134.805 392.000 
./CVAR/P5/000184_depth.png 144.397 135.654 388.000 
./CVAR/P5/000185_depth.png 144.397 136.503 389.000 
./CVAR/P5/000186_depth.png 144.397 136.503 388.000 
./CVAR/P5/000187_depth.png 144.397 139.898 385.000 
./CVAR/P5/000188_depth.png 144.397 139.898 387.000 
./CVAR/P5/000189_depth.png 144.397 139.898 385.000 
./CVAR/P5/000190_depth.png 144.397 139.898 385.000 
./CVAR/P5/000191_depth.png 144.397 139.898 386.000 
./CVAR/P5/000192_depth.png 141.851 134.805 394.000 
./CVAR/P5/000193_depth.png 141.851 134.805 392.000 
./CVAR/P5/000194_depth.png 141.851 134.805 392.000 
./CVAR/P5/000195_depth.png 141.851 134.805 391.000 
./CVAR/P5/000196_depth.png 141.851 134.805 393.000 
./CVAR/P5/000197_depth.png 141.851 134.805 392.000 
./CVAR/P5/000198_depth.png 141.851 134.805 391.000 
./CVAR/P5/000199_depth.png 141.851 134.805 394.000 
./CVAR/P5/000200_depth.png 141.851 134.805 395.000 
./CVAR/P5/000201_depth.png 141.851 134.805 392.000 
./CVAR/P5/000202_depth.png 141.851 134.805 392.000 
./CVAR/P5/000203_depth.png 141.851 134.805 393.000 
./CVAR/P5/000204_depth.png 141.851 134.805 392.000 
./CVAR/P5/000205_depth.png 141.851 134.805 393.000 
./CVAR/P5/000206_depth.png 141.851 134.805 391.000 
./CVAR/P5/000207_depth.png 141.851 134.805 394.000 
./CVAR/P5/000208_depth.png 141.851 134.805 392.000 
./CVAR/P5/000209_depth.png 141.851 134.805 391.000 
./CVAR/P5/000210_depth.png 141.851 134.805 389.000 
./CVAR/P5/000211_depth.png 141.851 134.805 389.000 
./CVAR/P5/000212_depth.png 141.851 134.805 390.000 
./CVAR/P5/000213_depth.png 141.851 134.805 397.000 
./CVAR/P5/000214_depth.png 141.851 134.805 392.000 
./CVAR/P5/000215_depth.png 141.851 134.805 392.000 
./CVAR/P5/000216_depth.png 141.851 134.805 390.000 
./CVAR/P5/000217_depth.png 141.851 134.805 393.000 
./CVAR/P5/000218_depth.png 141.851 134.805 391.000 
./CVAR/P5/000219_depth.png 141.851 134.805 390.000 
./CVAR/P5/000220_depth.png 141.851 134.805 385.000 
./CVAR/P5/000221_depth.png 141.851 134.805 386.000 
./CVAR/P5/000222_depth.png 141.851 134.805 386.000 
./CVAR/P5/000223_depth.png 141.851 134.805 388.000 
./CVAR/P5/000224_depth.png 141.851 134.805 390.000 
./CVAR/P5/000225_depth.png 141.851 134.805 391.000 
./CVAR/P5/000226_depth.png 141.851 134.805 392.000 
./CVAR/P5/000227_depth.png 141.851 134.805 392.000 
./CVAR/P5/000228_depth.png 136.757 135.654 389.000 
./CVAR/P5/000229_depth.png 136.757 134.805 391.000 
./CVAR/P5/000230_depth.png 136.757 134.805 393.000 
./CVAR/P5/000231_depth.png 136.757 134.805 389.000 
./CVAR/P5/000232_depth.png 136.757 134.805 388.000 
./CVAR/P5/000233_depth.png 136.757 134.805 391.000 
./CVAR/P5/000234_depth.png 136.757 134.805 393.000 
./CVAR/P5/000235_depth.png 136.757 134.805 390.000 
./CVAR/P5/000236_depth.png 136.757 134.805 393.000 
./CVAR/P5/000237_depth.png 136.757 134.805 393.000 
./CVAR/P5/000238_depth.png 139.304 132.258 393.000 
./CVAR/P5/000239_depth.png 140.153 133.956 393.000 
./CVAR/P5/000240_depth.png 140.153 133.956 395.000 
./CVAR/P5/000241_depth.png 140.153 133.956 393.000 
./CVAR/P5/000242_depth.png 139.304 134.805 392.000 
./CVAR/P5/000243_depth.png 139.304 134.805 392.000 
./CVAR/P5/000244_depth.png 138.455 134.805 393.000 
./CVAR/P5/000245_depth.png 138.455 134.805 391.000 
./CVAR/P5/000246_depth.png 138.455 134.805 392.000 
./CVAR/P5/000247_depth.png 138.455 134.805 390.000 
./CVAR/P5/000248_depth.png 138.455 134.805 390.000 
./CVAR/P5/000249_depth.png 138.455 134.805 389.000 
./CVAR/P5/000250_depth.png 138.455 134.805 387.000 
./CVAR/P5/000251_depth.png 138.455 134.805 388.000 
./CVAR/P5/000252_depth.png 138.455 134.805 389.000 
./CVAR/P5/000253_depth.png 138.455 134.805 390.000 
./CVAR/P5/000254_depth.png 135.908 134.805 390.000 
./CVAR/P5/000255_depth.png 135.908 134.805 390.000 
./CVAR/P5/000256_depth.png 135.908 134.805 397.000 
./CVAR/P5/000257_depth.png 133.362 135.654 393.000 
./CVAR/P5/000258_depth.png 133.362 135.654 396.000 
./CVAR/P5/000259_depth.png 135.908 137.351 392.000 
./CVAR/P5/000260_depth.png 135.908 139.049 389.000 
./CVAR/P5/000261_depth.png 135.908 139.049 392.000 
./CVAR/P5/000262_depth.png 135.908 139.049 391.000 
./CVAR/P5/000263_depth.png 135.059 139.049 392.000 
./CVAR/P5/000264_depth.png 134.211 139.049 393.000 
./CVAR/P5/000265_depth.png 134.211 139.049 391.000 
./CVAR/P5/000266_depth.png 134.211 139.049 392.000 
./CVAR/P5/000267_depth.png 134.211 139.049 394.000 
./CVAR/P5/000268_depth.png 134.211 139.049 396.000 
./CVAR/P5/000269_depth.png 133.362 140.747 393.000 
./CVAR/P5/000270_depth.png 132.513 139.898 392.000 
./CVAR/P5/000271_depth.png 132.513 139.898 399.000 
./CVAR/P5/000272_depth.png 132.513 139.898 401.000 
./CVAR/P5/000273_depth.png 132.513 139.898 403.000 
./CVAR/P5/000274_depth.png 132.513 139.898 399.000 
./CVAR/P5/000275_depth.png 132.513 139.898 401.000 
./CVAR/P5/000276_depth.png 132.513 139.898 403.000 
./CVAR/P5/000277_depth.png 132.513 139.898 402.000 
./CVAR/P5/000278_depth.png 134.211 138.200 405.000 
./CVAR/P5/000279_depth.png 134.211 138.200 403.000 
./CVAR/P5/000280_depth.png 134.211 138.200 406.000 
./CVAR/P5/000281_depth.png 134.211 138.200 405.000 
./CVAR/P5/000282_depth.png 134.211 138.200 405.000 
./CVAR/P5/000283_depth.png 134.211 138.200 402.000 
./CVAR/P5/000284_depth.png 134.211 138.200 408.000 
./CVAR/P5/000285_depth.png 134.211 138.200 407.000 
./CVAR/P5/000286_depth.png 134.211 138.200 405.000 
./CVAR/P5/000287_depth.png 135.908 138.200 404.000 
./CVAR/P5/000288_depth.png 136.757 138.200 403.000 
./CVAR/P5/000289_depth.png 136.757 138.200 403.000 
./CVAR/P5/000290_depth.png 136.757 138.200 400.000 
./CVAR/P5/000291_depth.png 137.606 142.445 398.000 
./CVAR/P5/000292_depth.png 137.606 142.445 394.000 
./CVAR/P5/000293_depth.png 137.606 142.445 395.000 
./CVAR/P5/000294_depth.png 137.606 142.445 398.000 
./CVAR/P5/000295_depth.png 137.606 142.445 394.000 
./CVAR/P5/000296_depth.png 137.606 142.445 396.000 
./CVAR/P5/000297_depth.png 137.606 142.445 396.000 
./CVAR/P5/000298_depth.png 137.606 142.445 394.000 
./CVAR/P5/000299_depth.png 137.606 142.445 395.000 
./CVAR/P5/000300_depth.png 137.606 142.445 393.000 
./CVAR/P5/000301_depth.png 137.606 142.445 393.000 
./CVAR/P5/000302_depth.png 137.606 142.445 396.000 
./CVAR/P5/000303_depth.png 137.606 142.445 393.000 
./CVAR/P5/000304_depth.png 137.606 142.445 394.000 
./CVAR/P5/000305_depth.png 137.606 142.445 392.000 
./CVAR/P5/000306_depth.png 137.606 142.445 393.000 
./CVAR/P5/000307_depth.png 136.757 141.596 394.000 
./CVAR/P5/000308_depth.png 136.757 141.596 396.000 
./CVAR/P5/000309_depth.png 136.757 141.596 396.000 
./CVAR/P5/000310_depth.png 136.757 141.596 393.000 
./CVAR/P5/000311_depth.png 134.211 138.200 397.000 
./CVAR/P5/000312_depth.png 134.211 138.200 397.000 
./CVAR/P5/000313_depth.png 134.211 138.200 400.000 
./CVAR/P5/000314_depth.png 133.362 138.200 399.000 
./CVAR/P5/000315_depth.png 133.362 138.200 400.000 
./CVAR/P5/000316_depth.png 133.362 138.200 400.000 
./CVAR/P5/000317_depth.png 133.362 138.200 400.000 
./CVAR/P5/000318_depth.png 133.362 138.200 403.000 
./CVAR/P5/000319_depth.png 133.362 138.200 402.000 
./CVAR/P5/000320_depth.png 133.362 138.200 404.000 
./CVAR/P5/000321_depth.png 133.362 138.200 405.000 
./CVAR/P5/000322_depth.png 135.908 137.351 403.000 
./CVAR/P5/000323_depth.png 135.908 137.351 399.000 
./CVAR/P5/000324_depth.png 135.908 137.351 400.000 
./CVAR/P5/000325_depth.png 135.908 138.200 397.000 
./CVAR/P5/000326_depth.png 135.908 138.200 396.000 
./CVAR/P5/000327_depth.png 135.908 138.200 396.000 
./CVAR/P5/000328_depth.png 135.908 138.200 394.000 
./CVAR/P5/000329_depth.png 135.908 138.200 390.000 
./CVAR/P5/000330_depth.png 135.908 138.200 396.000 
./CVAR/P5/000331_depth.png 135.908 138.200 397.000 
./CVAR/P5/000332_depth.png 135.908 138.200 396.000 
./CVAR/P5/000333_depth.png 133.362 141.596 395.000 
./CVAR/P5/000334_depth.png 133.362 141.596 395.000 
./CVAR/P5/000335_depth.png 133.362 141.596 394.000 
./CVAR/P5/000336_depth.png 133.362 141.596 394.000 
./CVAR/P5/000337_depth.png 131.664 143.294 390.000 
./CVAR/P5/000338_depth.png 129.117 143.294 392.000 
./CVAR/P5/000339_depth.png 129.966 141.596 395.000 
./CVAR/P5/000340_depth.png 130.815 141.596 393.000 
./CVAR/P5/000341_depth.png 130.815 141.596 391.000 
./CVAR/P5/000342_depth.png 130.815 141.596 391.000 
./CVAR/P5/000343_depth.png 130.815 141.596 391.000 
./CVAR/P5/000344_depth.png 130.815 141.596 393.000 
./CVAR/P5/000345_depth.png 130.815 141.596 394.000 
./CVAR/P5/000346_depth.png 131.664 143.294 388.000 
./CVAR/P5/000347_depth.png 131.664 143.294 389.000 
./CVAR/P5/000348_depth.png 131.664 143.294 389.000 
./CVAR/P5/000349_depth.png 131.664 143.294 392.000 
./CVAR/P5/000350_depth.png 131.664 143.294 389.000 
./CVAR/P5/000351_depth.png 132.513 144.143 389.000 
./CVAR/P5/000352_depth.png 132.513 144.143 387.000 
./CVAR/P5/000353_depth.png 132.513 144.143 387.000 
./CVAR/P5/000354_depth.png 132.513 144.143 390.000 
./CVAR/P5/000355_depth.png 132.513 144.143 391.000 
./CVAR/P5/000356_depth.png 132.513 144.143 388.000 
./CVAR/P5/000357_depth.png 132.513 144.143 388.000 
./CVAR/P5/000358_depth.png 132.513 144.143 386.000 
./CVAR/P5/000359_depth.png 132.513 144.143 390.000 
./CVAR/P5/000360_depth.png 132.513 144.143 393.000 
./CVAR/P5/000361_depth.png 132.513 144.143 392.000 
./CVAR/P5/000362_depth.png 132.513 139.898 398.000 
./CVAR/P5/000363_depth.png 132.513 139.898 398.000 
./CVAR/P5/000364_depth.png 132.513 139.898 394.000 
./CVAR/P5/000365_depth.png 132.513 139.898 399.000 
./CVAR/P5/000366_depth.png 132.513 139.898 395.000 
./CVAR/P5/000367_depth.png 132.513 139.898 399.000 
./CVAR/P5/000368_depth.png 132.513 139.898 397.000 
./CVAR/P5/000369_depth.png 132.513 139.898 398.000 
./CVAR/P5/000370_depth.png 132.513 139.898 399.000 
