000000_depth.png 82.096 67.143 350.066 107.779 46.946 363.920 125.366 43.660 373.769 147.995 49.144 367.591 191.835 95.680 341.096
000001_depth.png 81.854 69.217 356.242 106.944 45.353 370.857 123.475 40.163 380.389 146.460 48.097 374.891 191.969 97.399 347.077
000002_depth.png 78.687 78.444 359.330 103.334 54.110 374.709 119.893 49.022 384.177 143.250 55.592 378.525 189.170 104.711 351.868
000003_depth.png 78.655 81.877 371.619 102.213 57.983 386.733 118.858 52.695 396.531 141.062 58.989 390.736 186.034 106.415 363.832
000004_depth.png 80.988 89.192 391.301 101.081 67.391 405.639 117.172 61.694 415.074 138.658 67.946 409.647 180.302 110.106 382.030
000005_depth.png 81.091 90.826 393.734 101.041 69.507 407.972 116.997 63.149 418.166 139.181 69.619 412.651 179.954 110.522 384.982
000006_depth.png 82.798 94.597 400.330 102.290 72.812 414.534 117.137 66.750 423.977 138.173 72.318 418.729 180.057 113.421 391.025
000007_depth.png 84.629 99.893 405.227 104.019 78.013 419.339 118.853 71.147 429.035 139.538 77.239 423.931 180.441 117.779 395.982
000008_depth.png 84.675 99.990 400.838 104.091 78.475 415.074 119.710 71.888 425.208 141.495 78.324 419.629 181.477 119.338 391.961
000009_depth.png 85.182 99.373 391.774 106.541 78.822 412.322 121.601 72.349 423.783 141.112 78.241 405.193 183.970 117.836 380.525
000010_depth.png 87.254 98.444 396.785 108.234 77.460 410.859 122.946 71.305 421.298 142.537 77.769 416.061 184.296 117.670 387.976
000011_depth.png 87.463 98.787 394.033 108.882 77.356 407.827 123.370 71.218 418.456 142.531 77.781 413.134 184.896 118.406 385.027
000012_depth.png 86.508 97.927 389.743 107.995 76.598 403.802 123.277 70.347 414.358 143.147 77.030 409.121 185.519 117.381 381.001
000013_depth.png 86.413 94.064 384.986 108.071 73.160 398.785 122.899 66.897 409.196 143.125 73.427 403.961 185.410 114.466 376.039
000014_depth.png 86.904 92.864 385.020 107.095 71.105 398.958 122.872 65.143 409.240 144.936 71.395 404.017 186.848 112.394 375.862
000015_depth.png 87.073 91.558 378.986 107.647 69.678 393.121 122.690 63.209 403.293 144.518 70.056 397.759 188.215 111.505 369.963
000016_depth.png 87.089 91.557 378.992 106.329 69.812 393.180 122.676 63.210 403.299 144.521 70.054 397.768 188.210 111.503 369.963
000017_depth.png 88.299 91.340 378.914 108.999 69.553 393.087 124.031 63.094 403.287 144.540 69.711 398.041 188.598 111.170 369.987
000018_depth.png 89.050 89.892 377.317 108.332 67.489 391.858 124.769 60.105 401.532 145.125 66.971 396.260 189.916 109.396 367.919
000019_depth.png 88.718 88.690 377.373 109.153 67.001 391.685 125.712 60.448 401.535 145.040 67.436 396.360 189.942 108.920 367.959
000020_depth.png 89.789 88.418 375.327 108.975 66.498 389.586 125.479 59.439 399.432 144.945 66.335 394.194 190.603 108.562 365.992
000021_depth.png 89.885 88.429 371.996 109.367 66.413 386.191 125.929 59.784 396.299 145.433 66.708 390.764 191.951 108.406 362.985
000022_depth.png 89.797 88.368 371.006 110.065 66.239 385.442 125.965 59.703 395.328 145.313 66.934 389.407 191.884 108.605 361.970
000023_depth.png 91.300 90.067 376.985 111.419 67.996 391.837 127.033 61.088 401.426 144.208 71.120 394.905 191.806 110.046 367.972
000024_depth.png 93.164 92.514 376.995 112.618 70.140 392.269 128.517 60.820 402.160 142.661 78.182 391.751 192.898 109.689 368.002
000025_depth.png 93.484 91.784 377.212 113.962 70.520 392.371 129.938 63.084 401.859 143.539 83.836 391.678 192.868 109.574 368.008
000026_depth.png 93.966 91.904 374.218 114.400 71.474 389.270 130.857 64.644 398.852 144.478 86.398 388.688 193.075 109.574 365.001
000027_depth.png 93.947 91.476 376.047 114.115 70.849 391.269 130.004 64.837 400.534 142.543 86.287 391.612 193.568 109.792 366.985
000028_depth.png 94.791 93.675 376.099 115.021 73.187 390.990 131.589 66.951 400.524 145.250 89.411 390.317 193.312 110.058 366.954
000029_depth.png 93.651 95.224 375.744 114.526 72.279 372.144 130.921 64.938 362.831 144.703 99.903 351.872 193.115 111.624 372.167
000030_depth.png 91.401 94.518 373.624 112.474 71.755 369.781 128.976 64.910 360.897 144.108 101.695 349.841 191.517 111.258 370.069
000031_depth.png 91.158 92.439 364.122 112.066 71.928 375.417 129.826 65.196 370.744 144.428 103.369 350.286 194.162 109.215 353.185
000032_depth.png 91.774 94.958 373.562 113.012 72.618 370.242 129.466 66.123 361.472 144.516 104.333 349.933 191.131 111.117 369.953
000033_depth.png 92.692 95.459 375.439 113.531 73.979 371.899 130.041 67.988 363.348 144.530 106.189 351.933 191.009 110.843 371.927
000034_depth.png 93.309 96.443 377.931 113.773 75.377 373.787 130.094 69.683 365.421 144.961 107.647 353.958 190.686 110.918 373.936
000035_depth.png 92.792 95.890 375.059 113.748 75.598 370.463 130.020 70.338 362.549 145.072 108.486 351.040 190.339 111.026 371.028
000036_depth.png 94.432 94.650 371.958 115.726 77.066 366.615 130.898 71.273 360.192 145.805 109.801 348.894 190.129 112.391 369.135
000037_depth.png 93.701 94.791 373.530 114.911 77.297 367.657 130.365 71.741 361.523 145.566 109.922 350.023 190.300 111.322 370.082
000038_depth.png 93.898 96.624 376.417 115.117 79.353 370.339 130.444 73.002 363.832 145.653 110.327 352.979 190.048 111.501 372.985
000039_depth.png 95.302 95.828 369.727 116.542 82.911 370.588 131.885 78.030 351.885 148.163 121.982 359.785 193.466 110.882 357.196
000040_depth.png 96.025 96.947 369.384 117.472 84.304 359.926 132.657 81.529 346.049 148.754 121.781 353.475 192.361 112.643 366.754
000041_depth.png 95.804 97.007 374.146 117.615 84.623 363.848 132.623 81.330 351.047 148.514 121.606 357.460 191.567 113.138 370.831
000042_depth.png 98.418 96.458 374.270 119.017 84.683 363.886 133.993 82.218 350.344 148.857 121.590 357.491 191.580 113.128 370.828
000043_depth.png 97.958 99.136 370.029 120.064 84.443 361.849 133.963 82.833 347.688 148.813 121.734 355.480 191.659 113.195 368.879
000044_depth.png 96.814 97.731 373.277 118.547 85.058 362.922 133.636 82.464 349.305 149.632 122.142 356.473 192.510 112.280 369.857
000045_depth.png 97.190 98.938 372.873 117.787 84.849 363.280 133.037 81.602 350.369 149.264 122.557 356.423 193.307 112.727 369.945
000046_depth.png 96.428 98.831 369.884 118.916 83.654 361.857 131.591 80.356 347.713 148.600 121.237 353.397 192.355 112.964 366.877
000047_depth.png 96.106 99.035 368.864 117.818 82.453 361.500 130.743 78.812 346.885 148.414 121.536 352.467 192.282 112.757 365.902
000048_depth.png 94.939 97.249 370.722 113.021 79.226 370.021 128.008 73.472 352.753 146.957 118.838 372.222 193.170 111.357 356.126
000049_depth.png 94.851 98.847 372.276 113.575 76.604 368.106 127.936 70.025 358.916 146.617 109.892 348.929 193.038 111.942 369.069
000050_depth.png 94.527 97.951 370.759 112.129 76.332 368.580 126.843 68.845 361.503 145.869 106.422 353.999 193.861 110.941 365.032
000051_depth.png 94.580 99.534 376.896 112.528 76.358 372.429 126.573 69.179 363.351 145.185 104.637 352.624 192.524 111.646 373.079
000052_depth.png 94.588 98.438 372.971 111.166 75.838 371.108 128.078 75.865 368.261 145.604 92.494 348.177 191.381 111.226 371.135
000053_depth.png 94.479 99.296 371.970 111.020 76.414 369.915 127.350 74.263 367.045 144.295 88.102 347.660 191.525 110.738 370.135
000054_depth.png 96.307 99.366 370.946 113.281 77.036 368.429 127.354 70.654 364.716 142.879 81.723 349.717 192.929 110.974 368.068
000055_depth.png 94.880 98.750 375.095 111.688 76.918 372.673 125.829 69.638 366.436 141.199 76.369 365.624 193.323 108.620 360.869
000056_depth.png 94.444 99.437 372.006 110.963 76.610 370.059 125.242 69.574 366.310 141.609 76.065 352.861 191.238 109.794 370.025
000057_depth.png 95.324 100.859 375.834 111.836 78.439 372.941 125.795 71.355 369.027 142.313 76.816 357.041 191.753 111.521 373.004
000058_depth.png 95.409 100.901 375.870 112.061 78.321 372.958 125.764 71.298 368.995 142.074 76.727 357.108 191.841 111.479 373.017
000059_depth.png 95.763 101.317 375.699 112.194 79.044 372.885 126.009 70.673 368.216 142.743 76.624 357.828 192.471 111.088 373.001
000060_depth.png 95.001 101.282 378.919 111.915 78.083 376.310 125.825 70.878 372.538 143.163 75.764 361.338 192.064 111.094 375.928
000061_depth.png 97.304 104.355 394.374 111.711 79.280 389.636 127.003 71.550 419.254 146.932 71.333 400.237 192.819 109.426 359.403
000062_depth.png 104.381 121.379 400.753 112.535 81.763 403.295 127.472 72.408 420.225 149.234 74.068 404.000 191.011 109.520 361.268
000063_depth.png 95.368 104.534 378.142 112.428 79.799 382.004 127.191 72.501 377.002 149.612 73.073 394.005 191.195 109.692 371.014
000064_depth.png 96.844 105.043 391.327 112.663 81.032 386.072 127.058 72.692 416.751 148.380 73.234 397.504 193.242 109.437 356.318
000065_depth.png 98.162 104.920 384.228 112.830 80.427 385.253 127.103 72.390 381.269 149.485 73.519 395.221 191.178 109.732 368.602
000066_depth.png 97.158 103.359 380.698 112.421 79.817 385.000 127.071 72.315 382.329 149.552 73.323 394.730 191.124 109.755 372.000
000067_depth.png 96.429 105.112 380.182 113.135 80.317 386.451 128.082 71.758 379.942 149.305 73.607 393.321 191.176 109.245 367.165
000068_depth.png 97.242 102.841 384.028 112.758 79.305 386.179 127.632 70.909 385.217 150.165 72.419 393.975 191.083 108.946 370.000
000069_depth.png 97.663 103.203 387.682 112.817 79.721 382.171 127.538 71.124 361.021 147.478 72.187 398.144 190.736 108.699 366.043
000070_depth.png 97.619 102.593 386.076 112.713 79.307 382.024 127.232 71.485 354.976 146.248 71.295 394.792 190.754 108.109 365.171
000071_depth.png 97.782 104.698 394.520 112.183 79.896 389.965 127.421 72.230 419.700 148.544 71.746 400.571 193.402 105.717 359.303
000072_depth.png 107.173 119.475 399.394 114.378 78.939 402.386 128.638 70.918 419.332 150.638 71.645 402.973 193.415 105.041 360.091
000073_depth.png 97.586 101.367 374.495 111.837 77.733 389.851 127.506 72.025 412.408 147.798 71.574 398.970 194.356 103.215 356.960
000074_depth.png 100.250 104.057 389.661 114.222 79.385 385.633 128.570 74.994 413.917 149.686 71.579 396.642 195.192 103.191 355.308
000075_depth.png 100.698 104.716 391.171 114.355 80.040 387.136 128.564 76.363 414.825 149.727 72.467 397.812 195.068 103.163 356.308
000076_depth.png 100.584 105.021 391.200 114.224 81.207 386.765 128.794 79.090 414.539 149.685 74.704 397.716 195.374 102.768 356.323
000077_depth.png 101.577 104.526 394.277 117.008 82.054 371.900 138.281 104.397 339.460 149.163 74.294 399.596 194.325 105.052 367.836
000078_depth.png 100.985 103.651 392.036 116.800 81.809 369.416 137.263 105.408 335.825 147.932 74.041 397.602 194.427 103.501 366.026
000079_depth.png 101.439 105.767 390.724 114.473 82.974 378.508 130.402 89.126 364.481 147.929 73.958 393.895 194.312 103.902 363.074
000080_depth.png 101.026 103.780 391.122 119.192 87.584 365.768 137.386 106.163 333.868 147.964 74.080 396.632 194.566 103.463 365.027
000081_depth.png 101.011 103.901 390.183 119.166 90.089 363.888 137.752 107.346 332.308 148.153 74.004 395.626 194.897 103.548 364.056
000082_depth.png 101.107 103.799 391.172 119.167 90.155 364.845 137.466 107.920 333.355 147.964 74.135 396.627 194.542 103.464 365.079
000083_depth.png 100.215 104.305 393.318 119.268 92.884 366.195 138.281 109.658 335.182 148.215 74.824 398.689 194.295 103.871 367.023
000084_depth.png 100.280 104.695 393.376 119.249 93.980 365.756 138.266 110.203 334.294 148.180 75.062 398.685 194.015 103.833 367.009
000085_depth.png 100.291 104.657 393.372 119.262 94.048 365.837 138.284 110.203 334.417 148.281 75.121 398.702 194.012 103.866 367.023
000086_depth.png 101.282 104.431 391.285 121.511 94.578 364.553 137.483 110.440 331.834 148.246 75.002 396.515 194.108 105.259 364.931
000087_depth.png 100.725 104.079 390.234 121.257 93.281 369.917 137.817 110.665 328.871 147.547 72.627 381.574 194.849 104.516 357.168
000088_depth.png 101.845 105.711 386.118 122.280 94.001 359.604 138.219 110.313 327.105 148.163 75.464 391.461 194.205 104.735 360.047
000089_depth.png 101.735 105.322 386.132 122.472 95.114 359.358 138.219 110.367 328.152 148.052 74.946 391.333 194.300 104.924 360.032
000090_depth.png 101.910 104.739 386.144 122.436 95.108 359.292 138.219 110.297 328.228 148.188 75.244 391.430 194.291 104.896 360.034
000091_depth.png 101.889 104.789 386.137 122.252 95.329 359.264 138.218 111.620 328.298 148.425 75.769 391.584 194.345 104.975 360.023
000092_depth.png 101.799 105.927 384.141 121.578 95.381 357.765 139.597 112.653 325.699 148.408 74.931 389.697 194.536 104.279 358.107
000093_depth.png 101.833 105.922 384.153 121.576 96.671 357.564 139.609 113.039 326.039 148.316 74.965 389.702 194.506 104.202 358.136
000094_depth.png 101.852 105.911 384.158 121.571 96.649 357.524 139.607 113.038 326.244 148.219 74.898 389.691 194.502 104.176 358.157
000095_depth.png 101.851 105.912 384.227 121.576 96.651 357.601 139.607 113.030 326.345 148.232 74.902 389.704 194.505 104.166 358.174
000096_depth.png 102.303 105.361 390.438 125.983 98.578 364.474 145.390 125.884 351.690 148.481 76.304 388.681 194.063 106.904 361.862
000097_depth.png 102.291 105.362 390.484 125.979 98.579 364.545 145.391 125.886 351.920 148.436 76.285 388.675 193.876 107.237 361.864
000098_depth.png 102.789 105.688 394.442 126.375 99.477 368.107 146.002 125.709 355.992 148.788 76.604 392.651 193.713 106.702 365.889
000099_depth.png 102.860 105.717 394.485 126.500 99.144 368.512 145.938 125.797 355.982 148.635 76.709 392.668 193.889 106.602 365.894
000100_depth.png 102.862 105.716 394.490 126.500 99.133 368.518 145.934 125.797 355.979 148.630 76.709 392.632 193.892 106.597 365.869
000101_depth.png 102.838 105.833 395.786 125.872 98.428 374.471 146.201 125.677 355.021 148.487 74.532 375.680 194.555 105.471 354.287
000102_depth.png 103.111 106.491 395.145 126.500 99.941 368.234 146.078 125.780 356.012 149.029 77.146 392.758 193.533 107.463 365.825
000103_depth.png 103.274 106.970 395.055 125.141 99.801 368.234 146.007 125.750 355.999 148.983 77.179 392.863 193.858 108.423 365.835
000104_depth.png 103.872 107.700 392.498 120.630 88.573 362.093 145.611 118.640 350.680 149.445 75.433 394.833 195.277 108.211 361.764
000105_depth.png 103.552 105.808 388.879 116.825 82.349 372.325 144.916 118.590 351.014 148.677 74.296 389.272 196.196 106.376 357.929
000106_depth.png 102.050 107.439 391.897 114.781 83.762 364.283 144.377 119.615 342.974 147.893 76.598 398.869 195.519 107.074 365.000
000107_depth.png 102.600 107.751 395.028 116.606 82.976 371.255 141.771 117.175 354.354 150.421 77.895 397.167 195.604 107.005 365.002
000108_depth.png 102.389 108.261 392.652 116.622 82.945 368.322 142.009 114.819 350.846 150.436 78.224 396.508 196.111 108.442 368.004
000109_depth.png 102.374 108.235 390.559 116.694 83.344 366.408 139.775 111.365 343.189 150.427 78.180 397.992 196.138 108.306 365.066
000110_depth.png 100.818 107.987 392.512 116.608 82.909 378.272 132.835 90.308 354.870 151.516 77.442 404.107 196.240 107.951 370.108
000111_depth.png 101.934 107.950 391.382 116.522 83.717 376.116 132.967 88.882 353.468 151.883 78.013 402.423 196.604 109.143 368.105
000112_depth.png 101.673 107.351 390.161 116.392 83.428 375.618 132.792 85.846 350.701 151.744 77.407 395.850 197.220 108.574 362.624
000113_depth.png 101.903 108.791 376.575 116.220 89.388 389.445 130.546 83.252 410.260 150.134 78.108 400.445 195.666 108.496 358.994
000114_depth.png 101.804 110.438 374.697 115.165 86.362 390.110 130.277 82.472 412.726 150.752 79.125 398.599 196.641 109.262 358.113
000115_depth.png 102.386 108.889 378.298 114.684 85.974 393.539 130.311 78.323 416.876 150.404 79.446 402.310 196.587 109.103 361.023
000116_depth.png 101.878 110.426 374.750 115.184 86.232 389.993 130.451 77.191 413.684 150.814 78.487 398.181 196.643 109.258 358.112
000117_depth.png 102.251 110.157 376.397 114.811 87.091 391.643 130.448 78.000 415.396 150.374 79.600 400.442 196.748 109.135 359.058
000118_depth.png 102.250 110.171 376.376 114.691 87.043 391.553 130.498 77.956 415.398 150.502 79.544 400.446 196.775 109.109 359.049
000119_depth.png 102.092 109.960 374.309 116.445 90.584 387.429 131.445 76.107 413.108 151.810 77.674 398.338 196.454 108.429 356.899
000120_depth.png 103.488 109.879 375.756 115.843 86.668 391.164 134.185 77.969 414.747 152.703 79.155 400.325 196.842 109.033 359.030
000121_depth.png 103.163 111.883 376.296 115.962 88.137 391.049 134.184 80.064 414.458 152.431 79.799 400.391 197.260 109.666 358.858
000122_depth.png 102.020 111.598 377.319 116.086 90.113 390.338 135.011 81.432 414.280 150.876 80.858 400.255 196.345 111.356 359.141
000123_depth.png 102.002 113.831 379.858 116.300 89.674 394.750 134.254 85.141 417.703 151.599 80.917 403.302 195.513 111.192 363.114
000124_depth.png 103.956 113.260 380.464 117.711 89.607 394.805 136.684 81.776 418.300 153.584 84.317 404.754 196.706 110.407 363.126
000125_depth.png 103.750 113.253 379.468 117.785 89.494 393.857 136.695 81.640 417.260 152.562 81.163 403.286 196.481 110.341 361.930
000126_depth.png 103.302 111.976 377.412 117.392 88.216 392.021 135.375 80.206 415.400 152.498 79.932 401.404 196.592 109.205 359.978
000127_depth.png 103.171 111.938 376.375 117.267 88.034 390.939 135.425 78.923 414.565 152.410 79.801 400.389 196.748 109.203 358.976
000128_depth.png 102.015 111.256 378.255 118.883 88.186 391.965 136.337 79.078 415.463 152.082 79.734 400.386 195.705 109.608 360.167
000129_depth.png 103.195 111.939 376.515 118.601 87.779 390.519 135.426 78.952 414.436 152.478 79.722 400.401 196.726 109.168 358.977
000130_depth.png 107.648 117.072 395.669 121.783 96.732 375.670 134.565 77.584 398.763 151.853 80.284 411.617 193.404 110.518 365.894
000131_depth.png 107.539 118.138 392.512 122.076 98.974 372.469 134.530 78.855 395.970 151.977 81.269 408.650 192.736 111.357 362.841
000132_depth.png 107.469 116.558 393.728 121.710 97.971 373.310 134.512 77.715 397.768 153.208 80.477 409.521 193.480 111.221 363.929
000133_depth.png 106.422 114.787 393.177 121.821 98.414 373.982 134.553 76.548 398.781 152.196 79.395 410.865 193.551 109.961 364.905
000134_depth.png 107.861 116.281 393.913 122.836 101.911 372.245 134.697 77.167 398.391 153.380 79.960 409.374 193.650 109.887 363.892
000135_depth.png 106.325 114.773 392.179 122.922 103.572 372.062 134.498 77.748 397.766 152.210 80.658 409.879 193.449 111.050 363.951
000136_depth.png 106.419 114.766 392.099 122.813 103.631 371.816 134.554 77.560 397.588 152.375 80.643 409.849 193.448 110.023 363.973
000137_depth.png 102.491 110.721 390.000 124.396 103.654 391.294 133.108 75.592 398.203 151.501 76.974 399.678 195.035 107.384 363.477
000138_depth.png 102.436 111.374 394.079 123.553 106.037 369.476 132.506 78.125 393.066 151.209 77.797 399.076 194.614 107.643 362.605
000139_depth.png 103.378 112.004 392.172 124.641 104.758 358.000 132.178 77.297 394.476 150.752 77.289 399.268 194.790 106.349 362.241
000140_depth.png 103.885 109.955 395.002 127.030 102.401 354.299 133.283 78.081 392.236 152.056 77.763 399.035 195.202 106.650 361.565
000141_depth.png 102.308 112.541 388.048 130.679 117.353 347.000 131.823 79.397 392.411 153.421 79.114 404.221 193.721 108.121 364.920
000142_depth.png 102.155 112.580 387.654 136.703 129.621 366.458 132.079 79.784 397.386 154.060 80.661 411.500 194.393 107.856 372.184
000143_depth.png 102.289 110.615 390.517 137.264 130.273 366.501 130.584 80.945 398.427 150.270 79.175 412.667 193.879 108.206 372.923
000144_depth.png 103.020 111.442 385.438 136.149 128.973 361.168 131.039 80.192 393.178 152.970 81.023 406.722 195.578 106.759 366.973
000145_depth.png 102.637 111.619 385.971 135.628 129.042 362.046 130.993 81.078 394.113 153.042 81.596 407.649 195.136 106.476 368.056
000146_depth.png 101.547 112.672 383.539 137.525 132.743 359.863 130.626 83.528 391.496 150.032 81.668 405.636 193.762 109.882 365.818
000147_depth.png 102.403 114.573 385.193 137.098 133.579 362.847 130.620 85.091 394.446 149.486 82.257 408.668 193.130 110.664 368.915
000148_depth.png 101.775 113.944 385.084 134.770 132.971 361.271 128.592 83.794 392.619 151.011 84.203 406.504 193.766 110.024 366.856
000149_depth.png 101.216 117.498 378.873 135.832 135.488 358.644 128.666 85.915 389.222 150.911 84.691 403.741 192.896 112.399 363.902
000150_depth.png 100.160 118.273 382.734 135.005 135.669 361.550 127.825 86.416 391.484 150.670 84.855 406.483 192.598 112.491 367.021
000151_depth.png 100.105 119.663 382.764 135.043 137.167 361.529 128.011 88.134 391.876 150.686 86.251 406.510 192.514 113.838 367.041
000152_depth.png 101.882 122.885 380.538 133.870 140.313 360.564 126.784 91.365 390.575 151.440 88.378 405.675 191.985 115.788 365.985
000153_depth.png 100.665 120.497 380.543 134.403 139.704 359.742 127.720 90.999 389.119 151.445 88.480 404.723 192.361 115.882 364.939
000154_depth.png 102.548 123.501 376.516 134.007 140.037 356.617 126.898 90.702 386.928 151.366 87.620 401.710 192.227 115.203 362.066
000155_depth.png 100.582 120.009 379.573 134.813 139.806 358.784 127.748 90.503 388.237 151.569 87.899 403.734 192.531 115.342 363.926
000156_depth.png 100.683 120.102 384.283 134.738 134.251 352.002 127.861 90.659 384.093 151.659 88.355 406.603 192.071 115.909 365.005
000157_depth.png 100.385 119.612 387.023 134.228 131.763 350.000 128.102 89.576 384.954 151.503 87.347 405.080 192.116 115.750 362.002
000158_depth.png 101.201 120.417 388.050 129.519 127.017 354.000 128.421 87.757 391.504 151.587 85.875 405.183 194.185 114.569 362.014
000159_depth.png 100.281 121.448 387.107 127.556 123.762 349.001 127.279 88.166 389.429 150.629 85.856 406.118 193.923 114.448 362.444
000160_depth.png 101.463 120.733 389.207 126.025 119.246 353.625 128.769 88.318 385.588 151.508 87.151 408.004 194.095 114.567 362.042
000161_depth.png 102.516 120.668 388.118 121.776 111.370 355.218 128.727 86.881 388.251 151.617 86.341 405.260 194.062 114.413 362.115
000162_depth.png 106.327 126.245 390.858 118.710 110.900 369.517 129.403 87.083 395.605 150.904 89.259 406.310 192.328 118.174 360.964
000163_depth.png 104.532 125.267 391.562 117.782 106.624 371.697 129.362 86.631 396.229 149.601 88.218 407.759 190.706 118.461 361.953
000164_depth.png 99.167 120.321 390.697 115.606 102.340 382.149 128.737 85.925 395.241 149.730 88.382 400.840 191.002 116.368 357.023
000165_depth.png 103.912 125.492 388.705 115.413 103.041 372.294 128.758 86.000 393.884 149.768 88.707 404.928 190.823 118.044 359.015
000166_depth.png 103.234 125.383 392.869 114.397 102.049 376.301 129.326 87.584 396.780 149.772 88.988 408.914 190.410 118.328 362.996
000167_depth.png 103.095 125.095 390.419 114.849 101.797 373.645 130.475 88.616 394.688 150.982 90.170 406.915 191.755 119.771 361.027
000168_depth.png 102.348 130.004 394.644 113.758 111.384 374.629 128.870 92.252 397.403 147.212 91.959 410.791 189.014 121.993 364.991
000169_depth.png 102.772 130.295 390.421 113.462 111.836 370.035 129.624 93.157 393.150 147.285 91.678 406.799 189.265 121.857 361.055
000170_depth.png 102.794 129.484 393.121 111.195 103.555 377.242 129.610 91.755 396.718 151.084 91.637 408.822 189.689 123.261 363.699
000171_depth.png 102.881 130.828 394.219 112.364 104.675 377.629 130.793 92.420 396.964 151.046 91.922 409.916 189.514 124.608 364.711
000172_depth.png 103.062 130.850 396.194 113.643 105.969 379.209 130.813 92.585 398.909 150.962 92.081 411.897 189.220 124.690 366.713
000173_depth.png 98.567 126.053 399.216 115.055 101.102 406.002 132.235 91.336 421.365 150.257 91.442 407.029 190.839 123.731 359.263
000174_depth.png 99.998 125.616 398.005 114.884 100.764 400.005 132.884 93.878 415.597 148.908 92.000 409.000 190.524 122.816 361.096
000175_depth.png 97.962 125.596 399.016 115.415 100.177 400.396 132.298 91.478 417.024 148.668 91.115 406.006 189.527 122.763 363.766
000176_depth.png 97.709 121.771 389.653 116.437 96.727 396.013 132.361 89.845 412.069 148.875 89.889 402.041 189.559 121.864 357.235
000177_depth.png 98.008 121.969 386.745 116.634 95.491 391.659 133.709 87.840 411.072 149.599 89.014 400.789 190.162 121.152 359.000
000178_depth.png 99.105 120.525 388.174 117.502 95.783 391.054 133.689 87.514 412.239 149.746 88.604 398.961 190.013 120.560 359.008
000179_depth.png 99.747 120.048 386.396 117.648 95.826 390.140 133.710 87.313 417.524 149.731 87.990 401.335 190.187 120.650 358.000
000180_depth.png 100.909 117.691 384.367 120.012 96.102 377.406 133.519 86.034 431.069 149.729 86.566 401.333 190.319 120.409 354.971
000181_depth.png 103.721 116.010 377.553 119.319 97.790 390.361 136.200 86.592 416.420 152.800 87.756 402.637 194.204 116.127 362.274
000182_depth.png 103.816 115.403 378.248 120.189 97.267 391.433 136.695 86.198 417.344 151.796 87.205 403.445 193.796 116.656 363.181
000183_depth.png 106.292 115.468 377.110 120.470 97.392 390.030 137.534 86.416 416.469 152.876 87.587 402.627 194.186 116.064 362.343
000184_depth.png 106.256 115.209 373.427 120.002 97.346 385.863 136.767 85.383 412.493 151.143 85.626 398.788 192.580 116.368 359.874
000185_depth.png 106.961 115.133 375.210 121.052 97.151 385.527 137.605 84.910 412.833 151.372 85.159 392.658 193.282 115.386 352.811
000186_depth.png 108.763 115.277 373.238 121.185 96.987 385.713 137.914 84.967 412.584 152.384 85.292 398.829 194.355 115.784 358.510
000187_depth.png 109.198 117.329 367.449 121.879 98.697 380.060 137.906 84.164 409.918 152.493 84.615 395.957 193.452 115.502 356.053
000188_depth.png 109.250 118.593 367.778 121.723 99.951 381.295 137.120 84.189 411.994 152.319 84.549 397.889 193.117 115.994 359.348
000189_depth.png 111.812 119.891 365.699 121.718 99.818 379.477 137.075 83.964 410.024 151.078 84.295 395.900 192.634 115.328 357.367
000190_depth.png 113.297 122.732 364.654 121.720 99.817 379.474 137.079 83.968 410.027 151.079 84.288 395.898 192.647 115.318 357.372
000191_depth.png 115.938 128.869 364.265 121.978 100.771 381.932 137.037 84.267 411.106 150.908 84.623 396.799 192.638 115.485 358.255
000192_depth.png 123.345 136.548 338.449 122.269 96.977 359.209 137.801 83.675 411.519 149.137 82.394 389.998 194.912 113.676 353.240
000193_depth.png 124.170 136.150 335.924 121.767 96.493 356.338 139.630 85.950 406.600 149.153 80.977 387.212 195.281 114.752 350.871
000194_depth.png 124.140 137.298 336.132 121.568 96.486 356.588 138.247 84.850 407.457 147.654 81.825 387.542 194.466 114.158 350.955
000195_depth.png 123.986 137.358 335.085 121.716 96.459 355.588 138.365 84.998 406.709 147.685 81.719 386.550 194.569 114.074 349.996
000196_depth.png 123.375 137.618 336.414 120.540 96.677 357.564 138.306 85.903 407.388 147.803 81.541 388.352 194.097 115.603 352.015
000197_depth.png 123.974 138.719 336.013 121.750 99.247 356.408 137.460 84.966 409.308 146.497 83.585 387.882 194.414 114.146 350.996
000198_depth.png 123.827 138.747 334.918 121.747 99.179 355.387 137.415 84.868 408.327 146.521 83.471 386.880 194.566 114.071 349.996
000199_depth.png 122.914 138.796 320.765 122.609 102.269 351.769 136.562 85.600 413.304 146.445 85.045 387.498 194.496 114.085 347.472
000200_depth.png 122.984 138.897 338.899 122.942 103.352 358.599 136.677 86.208 413.008 146.324 85.434 390.897 193.941 114.916 353.845
000201_depth.png 122.783 139.655 335.850 124.496 109.654 355.324 139.289 85.709 409.858 147.334 84.540 387.541 193.750 114.993 350.935
000202_depth.png 122.843 139.554 335.836 124.639 109.702 355.390 137.881 86.054 410.052 146.033 85.326 387.725 193.791 114.946 350.923
000203_depth.png 123.374 139.495 337.036 124.750 109.498 356.079 136.767 85.855 410.990 145.312 84.740 388.859 194.063 115.403 352.075
000204_depth.png 122.809 139.638 335.861 124.433 109.609 355.289 137.914 86.100 410.081 146.092 84.849 387.632 193.740 114.979 350.951
000205_depth.png 122.987 139.521 336.852 124.679 109.830 356.452 136.538 86.115 411.047 144.977 85.141 388.895 194.039 114.706 351.901
000206_depth.png 122.758 139.654 334.862 124.488 109.609 354.343 137.900 86.053 409.114 146.133 85.178 386.731 193.901 114.940 349.929
000207_depth.png 122.992 139.651 338.284 124.410 109.359 357.350 136.696 85.728 411.861 145.172 84.913 389.846 193.510 114.631 352.935
000208_depth.png 124.130 138.647 336.086 121.703 103.191 355.522 136.495 86.221 410.046 145.483 84.945 387.997 194.480 114.171 350.942
000209_depth.png 123.888 138.725 334.995 121.659 103.098 354.556 136.413 86.014 408.976 145.557 84.832 387.016 194.543 114.090 349.989
000210_depth.png 122.720 137.589 333.016 122.149 100.081 353.104 137.670 84.541 406.467 147.549 83.235 384.892 194.168 113.146 348.199
000211_depth.png 123.119 137.748 333.200 121.789 100.231 353.054 137.559 84.449 406.427 147.835 83.118 384.882 194.191 113.038 348.246
000212_depth.png 121.707 137.265 335.167 121.375 100.828 354.463 136.484 85.829 407.469 147.682 84.135 385.915 193.281 114.663 349.487
000213_depth.png 108.016 118.981 380.893 120.519 101.212 394.156 136.806 88.599 421.657 150.690 89.732 407.576 192.631 118.210 367.014
000214_depth.png 106.273 117.672 376.426 119.623 100.044 389.943 136.585 88.047 416.653 150.635 89.146 402.673 192.929 116.990 362.087
000215_depth.png 105.355 118.516 377.133 119.714 100.163 390.132 136.586 88.080 416.701 150.618 89.122 402.672 192.952 117.026 362.059
000216_depth.png 103.096 116.900 375.616 117.045 97.278 389.188 132.811 86.331 414.825 148.701 87.496 400.752 192.837 115.873 360.362
000217_depth.png 103.000 117.105 378.436 117.022 97.547 392.148 132.726 86.539 417.689 148.611 87.953 403.693 192.361 117.480 363.292
000218_depth.png 98.561 115.988 372.332 114.259 94.390 387.927 132.315 86.139 411.206 148.387 85.820 387.150 194.354 116.768 350.940
000219_depth.png 98.152 116.829 375.024 112.901 93.803 386.092 131.474 86.155 400.448 147.794 86.357 390.040 193.514 117.238 348.037
000220_depth.png 96.353 119.677 376.084 112.703 95.515 389.038 129.721 85.512 405.045 147.528 86.108 387.033 190.361 118.716 348.723
000221_depth.png 95.917 120.740 380.021 112.906 96.572 392.270 130.215 85.680 399.951 148.542 86.249 390.017 190.541 118.767 347.004
000222_depth.png 97.235 121.148 388.000 114.560 96.714 393.439 130.661 86.485 405.506 148.540 86.245 389.036 190.841 119.633 347.015
000223_depth.png 99.275 121.292 390.000 116.672 97.359 399.000 132.618 87.124 406.496 148.990 87.890 390.018 190.566 122.134 351.004
000224_depth.png 99.224 123.018 390.024 117.243 98.969 404.621 131.359 88.697 421.018 149.199 89.018 390.052 191.313 122.324 349.144
000225_depth.png 100.518 122.457 392.000 117.777 99.223 404.513 132.539 89.769 409.000 148.989 89.271 389.002 190.598 123.292 350.005
000226_depth.png 97.946 123.851 388.079 115.754 99.669 400.795 131.594 91.954 408.375 147.696 89.415 395.015 189.494 123.457 352.001
000227_depth.png 98.322 123.355 394.010 115.169 98.914 405.555 131.262 91.612 407.719 147.654 89.469 389.112 189.192 123.472 348.013
000228_depth.png 96.576 121.266 390.287 115.149 97.296 383.788 132.412 88.980 407.767 148.744 88.945 386.016 192.234 120.067 349.039
000229_depth.png 105.311 137.318 393.494 115.435 97.010 396.661 133.244 88.645 413.067 149.836 88.790 396.267 191.507 121.333 354.173
000230_depth.png 97.275 120.612 387.636 114.289 97.472 383.156 131.954 87.864 412.698 147.325 88.732 394.828 191.175 120.728 353.377
000231_depth.png 95.837 123.014 390.511 115.298 95.699 394.834 132.236 88.282 411.118 148.734 88.771 394.188 190.555 120.705 352.104
000232_depth.png 95.461 121.781 380.829 112.967 95.719 375.998 131.854 87.650 408.326 147.652 88.377 385.874 192.858 120.391 342.980
000233_depth.png 97.288 124.596 382.000 115.268 97.037 371.023 133.226 89.022 403.162 149.743 88.845 386.503 191.363 120.951 348.243
000234_depth.png 96.283 122.200 387.218 115.592 98.476 382.475 131.944 88.013 412.798 147.532 88.870 394.858 191.183 122.140 353.352
000235_depth.png 97.103 120.865 384.739 115.351 98.160 379.366 131.220 86.840 410.281 146.489 87.472 391.963 192.068 118.841 350.263
000236_depth.png 98.723 121.042 383.145 119.561 100.342 365.575 133.913 87.182 405.755 149.999 87.124 389.238 191.214 120.126 349.000
000237_depth.png 99.189 121.897 386.057 119.469 101.771 359.437 133.392 86.782 400.145 150.005 88.185 389.202 191.663 120.823 350.178
000238_depth.png 99.427 122.233 387.558 118.071 105.384 380.503 132.854 88.689 412.743 148.188 88.671 395.091 193.990 119.626 353.362
000239_depth.png 102.855 128.824 384.347 116.334 110.236 363.553 131.085 92.272 384.437 147.407 91.246 399.820 188.544 124.243 353.786
000240_depth.png 102.399 128.634 386.770 115.973 111.763 364.776 130.293 92.425 386.658 146.876 90.944 402.010 188.236 124.769 355.540
000241_depth.png 95.629 120.421 374.000 129.613 136.946 351.451 128.971 86.961 379.857 145.148 87.479 396.692 190.348 118.491 356.595
000242_depth.png 95.752 120.805 372.453 130.080 139.868 349.563 128.142 87.701 381.058 145.703 88.197 395.670 189.851 119.389 355.568
000243_depth.png 95.763 120.886 372.498 129.847 141.893 349.218 125.903 88.349 381.258 145.648 89.194 395.608 189.794 119.467 355.589
000244_depth.png 96.000 120.210 374.664 131.308 141.279 351.396 125.711 88.365 382.404 146.641 89.087 396.608 190.584 119.380 356.464
000245_depth.png 96.120 119.985 371.770 130.207 138.650 349.396 125.237 87.820 380.020 146.108 88.439 394.462 190.252 118.429 354.720
000246_depth.png 96.206 120.034 372.782 129.965 139.066 350.420 125.379 88.319 381.380 146.114 88.541 395.462 190.088 118.469 355.713
000247_depth.png 94.867 120.210 371.228 129.438 140.028 348.366 124.002 88.080 379.392 145.939 88.879 393.562 190.190 118.129 353.725
000248_depth.png 94.867 120.531 371.365 128.965 140.182 348.378 123.046 88.906 380.139 145.964 89.803 393.475 190.183 118.176 353.751
000249_depth.png 94.238 121.092 371.054 128.879 143.171 345.904 122.924 87.844 379.618 144.560 90.185 392.560 189.323 120.092 352.666
000250_depth.png 94.520 120.471 368.395 129.003 141.463 345.394 122.842 89.923 377.099 146.051 90.838 390.470 190.653 119.438 350.749
000251_depth.png 93.777 121.771 370.761 129.003 145.061 336.819 122.765 88.877 373.922 144.906 90.306 388.043 190.145 120.354 351.284
000252_depth.png 94.253 122.508 371.079 128.876 144.562 345.861 122.923 89.258 379.617 144.594 91.591 392.570 189.505 120.907 352.563
000253_depth.png 93.727 121.985 371.514 128.065 143.759 346.910 122.748 88.811 380.213 144.347 90.369 393.548 188.892 121.624 353.743
000254_depth.png 91.450 123.438 370.115 128.382 141.343 348.853 121.950 90.045 380.044 145.113 90.695 393.703 188.867 120.863 353.836
000255_depth.png 92.404 122.230 371.614 128.395 141.196 348.890 122.090 91.781 380.343 145.090 91.894 393.667 189.248 120.015 353.686
000256_depth.png 92.683 125.598 379.049 128.387 146.082 354.918 122.476 95.336 387.547 143.178 94.031 400.756 187.325 124.626 360.979
000257_depth.png 91.285 126.049 374.245 129.266 144.625 352.177 120.906 93.714 382.580 144.621 93.213 396.759 187.610 123.975 356.969
000258_depth.png 91.881 126.431 377.550 129.241 144.493 355.169 121.034 94.073 385.617 144.545 93.614 399.777 187.051 124.322 360.008
000259_depth.png 92.610 125.574 376.169 117.788 131.360 335.000 122.537 91.866 383.040 143.245 92.970 397.000 187.304 124.493 348.691
000260_depth.png 92.505 127.067 376.175 113.908 120.112 339.339 122.941 93.277 386.033 144.958 95.707 390.025 189.007 123.403 350.031
000261_depth.png 96.811 131.998 382.656 109.842 114.530 362.139 122.095 93.497 386.909 143.040 95.172 398.722 184.838 127.851 352.913
000262_depth.png 95.112 135.368 381.604 107.066 116.653 361.661 122.094 98.092 385.058 140.089 97.860 397.946 182.979 129.482 351.794
000263_depth.png 95.527 135.950 382.369 107.735 118.233 362.327 121.945 98.363 385.883 140.490 97.812 398.878 182.444 129.503 352.926
000264_depth.png 95.266 133.230 383.213 105.037 110.407 366.098 122.355 94.345 387.179 142.607 95.962 399.560 184.230 129.866 353.895
000265_depth.png 96.451 134.346 381.041 106.195 109.887 364.623 124.385 96.012 385.402 144.999 96.328 397.296 185.171 130.050 351.796
000266_depth.png 96.574 134.352 382.107 106.407 110.028 365.641 124.512 96.153 386.427 145.114 96.430 398.314 185.067 130.175 352.795
000267_depth.png 95.663 134.398 384.264 105.415 109.529 368.064 123.706 95.495 387.825 143.798 96.709 400.332 184.581 130.885 354.824
000268_depth.png 97.060 135.770 386.281 107.025 109.303 370.109 124.613 97.202 389.703 144.960 97.978 402.229 184.561 131.652 356.781
000269_depth.png 96.362 135.851 383.516 107.295 110.522 366.931 124.148 97.176 386.999 144.409 98.055 399.256 184.453 131.872 353.743
000270_depth.png 101.213 145.235 394.378 108.680 104.020 398.032 126.144 95.722 414.002 145.561 95.393 397.304 188.240 128.230 355.135
000271_depth.png 101.876 143.813 401.382 109.091 103.475 405.340 126.223 95.764 420.966 145.320 95.707 404.268 188.552 130.002 362.161
000272_depth.png 95.029 131.897 394.110 110.161 103.623 394.099 126.420 96.917 410.130 145.256 96.342 403.017 188.238 131.416 353.412
000273_depth.png 92.663 131.836 396.288 108.136 105.892 394.346 125.916 95.954 423.766 144.235 97.687 404.847 188.061 131.989 363.562
000274_depth.png 92.868 131.462 390.008 109.175 104.927 389.584 126.208 97.183 411.871 145.304 97.124 402.268 188.678 129.656 356.221
000275_depth.png 94.153 131.774 397.460 109.002 102.730 389.000 126.335 96.129 415.012 145.261 96.043 407.000 188.278 129.995 355.055
000276_depth.png 93.322 127.850 397.894 108.119 104.466 394.132 125.968 94.644 423.779 144.273 96.395 404.834 188.103 130.418 363.529
000277_depth.png 92.643 128.792 396.203 108.213 104.398 393.007 125.970 94.969 422.664 144.439 96.943 404.004 188.180 129.257 362.510
000278_depth.png 97.859 133.727 395.556 109.781 109.116 378.982 125.356 95.526 399.921 145.445 97.925 411.274 184.823 131.872 365.747
000279_depth.png 97.706 133.665 393.572 108.621 107.839 377.393 124.152 95.166 397.707 145.586 97.690 409.313 184.866 130.890 363.790
000280_depth.png 98.061 132.414 396.561 109.419 107.917 379.699 124.026 94.376 400.988 144.762 96.905 412.223 184.328 129.833 366.813
000281_depth.png 95.361 125.808 399.762 109.927 102.609 395.595 123.989 93.359 425.688 144.515 94.465 406.714 187.742 126.545 365.359
000282_depth.png 95.354 125.863 399.810 109.851 102.710 395.769 124.054 93.438 425.947 144.516 94.536 406.697 187.592 126.658 365.391
000283_depth.png 94.154 128.629 395.438 108.986 103.075 393.126 124.894 95.657 422.687 144.496 95.631 404.009 187.049 127.077 362.813
000284_depth.png 95.812 126.245 402.963 110.090 103.536 399.056 124.157 97.081 427.597 144.398 95.257 409.793 186.892 126.550 368.540
000285_depth.png 96.492 128.280 398.454 111.302 104.031 393.667 124.650 103.685 404.854 145.340 95.348 413.000 189.668 123.896 366.603
000286_depth.png 94.611 126.671 399.008 109.838 102.938 395.705 125.814 101.822 424.020 144.569 94.011 406.896 187.429 125.122 365.512
000287_depth.png 95.207 126.812 398.223 110.442 103.165 395.264 128.429 106.775 423.478 145.211 94.236 406.008 188.289 124.900 364.387
000288_depth.png 94.673 126.848 397.272 111.343 103.273 394.151 127.831 108.109 422.728 144.819 95.023 404.925 188.042 124.738 363.381
000289_depth.png 94.707 126.879 397.290 111.151 104.189 393.548 127.856 108.110 422.697 144.705 95.108 404.927 188.030 124.835 363.387
000290_depth.png 95.059 127.362 394.113 111.797 108.541 388.279 127.303 110.470 419.664 144.818 95.369 402.174 187.660 124.640 360.593
000291_depth.png 95.730 126.220 401.416 115.795 109.716 368.167 132.884 120.189 358.862 144.243 90.801 410.696 188.864 122.093 362.209
000292_depth.png 96.473 125.855 397.475 116.896 110.592 363.963 133.512 120.386 353.554 144.303 90.280 406.806 189.462 121.818 358.246
000293_depth.png 96.576 127.268 398.453 117.025 114.639 364.517 133.207 122.640 353.738 144.335 90.766 407.862 188.882 122.296 359.411
000294_depth.png 95.825 126.306 398.047 117.983 117.114 372.347 134.403 127.590 356.612 144.117 91.863 404.275 189.359 121.131 360.799
000295_depth.png 96.008 126.644 397.083 118.005 118.624 364.259 132.204 126.875 351.447 141.505 92.468 406.933 188.390 120.258 358.410
000296_depth.png 95.917 126.774 399.291 117.271 118.901 365.642 132.445 127.047 354.994 141.621 92.725 409.014 188.978 122.047 360.306
000297_depth.png 95.943 126.650 399.349 117.288 118.877 365.533 132.808 127.696 355.379 141.602 92.705 409.009 188.938 121.930 360.287
000298_depth.png 95.999 126.579 397.105 118.030 118.640 364.254 131.750 126.766 351.596 140.219 92.639 406.980 188.539 120.339 358.398
000299_depth.png 96.038 127.779 398.122 117.758 118.497 364.915 131.222 126.460 351.806 141.514 94.321 408.022 188.984 121.034 359.549
000300_depth.png 95.489 126.738 396.239 117.065 118.703 362.840 132.124 126.874 351.841 140.472 93.091 406.111 188.934 120.693 357.402
000301_depth.png 95.340 126.718 396.212 117.015 118.665 362.924 132.126 126.858 351.927 140.436 93.023 406.100 188.878 120.304 357.358
000302_depth.png 95.815 126.740 399.276 117.269 118.891 365.554 132.197 127.057 354.913 140.455 93.389 409.109 188.576 121.125 360.463
000303_depth.png 95.378 126.747 396.208 117.028 118.674 362.868 132.124 126.855 351.892 140.450 93.053 406.107 188.994 120.512 357.349
000304_depth.png 95.066 126.703 397.149 116.823 117.418 364.136 130.978 125.500 351.591 140.326 92.924 407.057 188.673 120.442 358.369
000305_depth.png 94.638 126.597 395.129 113.881 111.888 362.651 129.423 121.541 348.871 140.479 91.738 405.131 188.818 120.020 356.374
000306_depth.png 94.822 126.681 396.141 112.709 110.449 363.570 129.374 119.940 350.090 140.303 91.369 406.056 188.674 120.024 357.369
000307_depth.png 95.235 127.491 397.370 113.256 109.388 365.625 126.631 115.571 350.362 140.795 91.083 407.109 188.622 119.267 358.477
000308_depth.png 93.908 127.601 399.357 110.784 107.123 368.095 126.325 114.241 352.646 140.990 91.686 409.143 188.373 119.442 360.478
000309_depth.png 94.089 127.460 399.448 109.540 105.621 368.347 125.755 110.779 353.314 142.109 90.712 408.864 188.480 120.556 360.401
000310_depth.png 95.452 127.395 394.269 106.013 100.899 380.113 118.405 94.639 401.000 142.870 92.237 386.937 188.437 118.670 358.138
000311_depth.png 93.216 127.953 403.112 104.122 100.291 382.992 121.275 92.202 399.072 143.912 91.317 407.186 187.769 119.569 360.860
000312_depth.png 91.892 127.431 402.932 102.254 99.398 383.654 119.473 88.209 398.583 140.183 89.947 406.730 187.067 117.000 360.887
000313_depth.png 91.327 127.522 400.460 103.576 100.344 388.335 121.066 91.354 400.400 141.566 91.994 407.264 187.427 118.568 356.143
000314_depth.png 92.859 128.207 405.156 104.565 101.082 384.257 123.302 94.328 396.991 143.096 91.730 408.812 186.681 120.367 362.838
000315_depth.png 92.591 129.340 406.233 104.635 101.878 385.797 124.775 91.763 400.404 143.160 92.398 409.534 185.781 119.590 363.945
000316_depth.png 92.579 129.372 406.148 105.921 102.393 385.074 125.427 95.377 396.882 144.233 91.733 409.238 185.733 119.545 363.956
000317_depth.png 99.213 136.178 391.934 106.092 105.968 372.691 126.965 96.580 390.922 147.285 96.651 403.910 181.125 124.993 360.911
000318_depth.png 99.551 134.888 394.480 106.593 106.336 376.065 127.361 95.845 394.768 147.543 95.615 406.926 182.265 124.798 363.847
000319_depth.png 99.559 134.752 393.903 106.416 104.903 375.094 127.454 95.633 393.617 147.630 95.429 405.827 182.671 124.022 362.798
000320_depth.png 100.762 135.052 395.369 107.798 106.511 377.258 127.380 95.790 395.409 147.493 95.715 407.938 182.273 125.693 364.822
000321_depth.png 100.765 135.002 396.491 107.760 106.653 378.320 127.409 95.786 396.174 147.456 95.810 408.948 182.231 125.729 365.840
000322_depth.png 94.526 130.285 409.104 106.728 102.093 390.306 124.598 94.210 401.410 143.135 92.895 413.032 187.195 121.154 367.184
000323_depth.png 94.098 128.967 405.063 106.332 101.698 386.410 124.773 92.956 398.175 142.215 91.675 409.225 187.308 120.467 363.082
000324_depth.png 94.274 129.026 406.088 106.624 101.814 387.494 126.002 92.657 399.435 142.992 91.655 410.295 189.041 120.554 363.986
000325_depth.png 93.558 127.368 401.637 105.916 101.039 383.825 125.435 91.309 395.639 142.732 90.455 407.221 189.172 120.250 361.010
000326_depth.png 92.606 127.334 399.468 105.120 101.132 382.566 125.330 91.131 394.553 141.469 90.428 406.239 189.287 120.177 360.015
000327_depth.png 92.639 127.329 399.479 105.184 101.230 382.672 125.876 90.092 396.584 141.127 91.364 406.135 189.311 120.030 360.048
000328_depth.png 91.660 127.930 397.826 109.516 113.898 391.134 124.080 92.403 392.702 139.724 90.873 404.456 188.545 119.905 357.987
000329_depth.png 92.635 127.820 396.906 105.221 101.276 378.022 125.313 92.008 389.536 138.464 92.581 400.212 187.357 119.073 354.533
000330_depth.png 93.717 128.312 402.164 106.068 100.879 383.400 124.770 93.824 395.821 139.439 94.312 406.124 188.414 121.316 360.129
000331_depth.png 92.597 129.857 403.749 105.760 102.214 384.842 124.784 95.256 396.748 138.058 95.767 407.079 187.461 121.577 361.289
000332_depth.png 95.731 133.819 386.467 107.865 109.155 370.252 123.570 94.274 390.858 138.640 98.684 402.731 183.658 124.764 357.064
000333_depth.png 90.012 130.648 398.463 102.563 104.745 381.543 123.421 92.938 396.458 135.452 101.663 404.426 186.278 121.625 358.947
000334_depth.png 89.972 130.653 398.488 102.623 104.839 381.627 123.427 94.125 396.278 135.186 102.856 403.921 186.461 122.884 359.011
000335_depth.png 91.355 130.030 396.100 107.778 104.947 373.395 122.935 93.791 378.631 140.501 131.444 358.960 186.232 123.594 363.657
000336_depth.png 89.799 130.527 397.530 103.754 103.326 380.521 124.002 95.689 397.160 136.171 110.592 402.694 186.388 122.592 358.108
000337_depth.png 90.672 131.592 392.136 104.190 103.579 372.129 123.340 93.007 377.428 142.896 135.580 355.042 185.736 123.818 359.827
000338_depth.png 89.956 129.338 395.586 105.454 101.540 373.078 121.212 90.018 379.559 140.625 129.481 354.343 186.027 124.332 361.512
000339_depth.png 90.256 129.993 398.405 103.896 102.009 375.848 120.328 90.063 382.590 139.703 128.861 357.899 185.713 123.683 364.635
000340_depth.png 89.313 130.326 395.147 104.494 101.906 373.979 120.956 90.085 380.782 139.876 129.757 355.582 186.007 123.390 362.804
000341_depth.png 90.528 130.095 394.325 104.536 101.409 371.780 121.193 89.560 378.462 139.710 131.025 354.958 185.844 125.544 360.660
000342_depth.png 90.454 130.127 394.274 104.231 102.077 372.276 119.972 90.482 379.292 139.979 132.129 355.323 185.716 124.421 360.660
000343_depth.png 89.818 128.580 393.135 103.432 100.723 369.386 118.174 90.014 379.148 139.102 132.599 369.465 186.109 121.990 354.201
000344_depth.png 90.032 129.925 395.066 103.582 101.946 374.818 118.569 90.984 381.508 138.590 131.376 357.231 185.028 123.530 362.737
000345_depth.png 90.178 129.988 396.076 105.260 103.189 374.814 118.826 91.060 382.503 138.500 131.397 358.116 184.988 123.610 363.730
000346_depth.png 90.572 130.349 390.109 103.759 102.823 369.392 118.837 91.375 375.921 138.563 131.886 351.956 185.647 123.644 357.699
000347_depth.png 90.540 130.234 391.079 103.791 102.928 370.247 118.506 91.457 376.859 138.172 131.876 352.986 185.289 123.616 358.735
000348_depth.png 90.578 130.274 391.089 103.599 102.976 370.268 118.533 91.422 376.835 138.168 131.878 352.985 185.295 123.617 358.735
000349_depth.png 90.970 131.742 394.124 103.797 103.812 373.833 119.377 92.875 380.406 142.443 136.133 356.182 185.567 122.968 361.834
000350_depth.png 90.618 130.325 391.097 103.487 103.023 370.345 118.583 91.345 376.889 137.909 130.684 352.151 185.300 123.659 358.687
000351_depth.png 91.098 130.128 392.001 104.369 101.158 372.009 118.125 93.712 374.913 136.510 127.789 343.104 185.600 122.040 359.021
000352_depth.png 91.172 130.994 389.092 103.944 103.505 368.142 120.515 90.929 373.682 140.090 130.292 350.243 186.318 123.000 356.725
000353_depth.png 91.207 131.034 389.099 104.080 103.411 368.028 120.373 90.014 372.814 139.951 129.209 351.038 186.486 123.082 356.740
000354_depth.png 91.554 131.177 389.000 104.165 103.871 373.911 120.778 90.168 377.000 130.252 106.837 347.287 187.100 122.006 356.014
000355_depth.png 91.174 130.041 392.279 104.427 101.042 378.637 119.705 93.126 399.555 132.507 97.769 384.260 185.196 121.814 356.300
000356_depth.png 90.879 129.941 389.283 104.225 100.679 375.669 119.532 92.402 396.405 133.068 95.701 381.702 185.959 121.180 353.145
000357_depth.png 90.885 129.949 389.285 104.155 100.663 375.641 119.399 92.062 396.115 133.622 94.288 381.965 185.948 121.179 353.148
000358_depth.png 90.539 129.949 387.209 103.900 100.126 373.398 120.307 91.152 393.423 135.129 91.996 380.100 185.873 120.857 351.222
000359_depth.png 90.876 129.970 389.754 104.308 101.050 369.755 121.351 90.683 394.657 136.311 90.242 382.392 186.911 120.715 353.774
000360_depth.png 91.529 130.304 394.303 106.536 103.330 378.903 121.890 92.070 400.341 139.178 92.851 387.083 186.311 121.829 358.233
000361_depth.png 92.160 129.744 392.937 105.859 100.850 378.312 122.974 92.451 398.411 141.594 90.978 385.802 186.465 122.455 357.140
000362_depth.png 91.771 130.883 394.844 105.503 103.195 388.091 122.779 94.453 426.903 142.730 94.974 408.600 182.527 127.299 356.040
000363_depth.png 91.357 130.784 392.000 106.160 104.470 388.000 122.615 94.860 412.630 143.866 95.653 410.540 184.534 127.364 360.593
000364_depth.png 92.101 131.381 393.865 107.644 102.811 390.000 123.509 95.347 419.838 145.539 95.707 411.015 182.376 128.224 358.000
000365_depth.png 98.143 135.445 389.605 106.164 106.901 372.866 123.668 94.716 391.668 145.407 96.013 403.628 182.124 129.057 359.800
000366_depth.png 97.830 135.398 385.657 105.884 106.521 368.844 123.732 94.555 388.303 145.555 96.834 399.532 182.693 127.390 355.802
000367_depth.png 98.140 135.445 389.624 106.061 106.813 372.604 123.663 94.686 391.616 145.404 96.009 403.622 182.087 129.032 359.807
000368_depth.png 98.311 135.409 387.827 106.465 106.781 371.286 124.111 94.768 390.297 145.818 96.956 401.525 182.727 128.370 357.758
000369_depth.png 98.323 135.445 388.808 106.408 106.859 372.184 124.038 95.014 391.417 145.661 97.112 402.541 182.303 127.336 358.799
000370_depth.png 98.214 135.445 389.683 106.197 106.876 372.869 123.919 95.124 392.490 145.446 97.254 403.529 181.959 128.158 359.839
