C:\OpenARK_test\CVAR\P1\000000_depth_modified.png 135.882 131.677 584.732 163.148 93.9444 605.671 180.139 88.9659 608.467 191.879 94.9427 613.358 211.231 111.986 611.457 
C:\OpenARK_test\CVAR\P1\000001_depth_modified.png 135.882 131.677 584.732 163.148 93.9444 605.671 180.139 88.9659 608.467 191.879 94.9427 613.358 211.231 111.986 611.457 
C:\OpenARK_test\CVAR\P1\000002_depth_modified.png 136.493 132.825 584.791 164.001 94.7988 607.221 180.84 89.1126 605.159 192.726 95.3065 607.299 212.082 112.762 604.329 
C:\OpenARK_test\CVAR\P1\000003_depth_modified.png 135.944 133.753 586.181 163.232 94.8664 610.671 179.588 89.1217 606.367 192.163 95.5876 611.128 211.591 112.833 604.87 
C:\OpenARK_test\CVAR\P1\000004_depth_modified.png 135.373 133.652 586.518 162.428 96.528 607.105 178.626 89.1849 606.179 190.814 95.8445 614.593 210.387 112.934 606.423 
C:\OpenARK_test\CVAR\P1\000005_depth_modified.png 134.838 134.366 584.426 161.553 95.8451 607.296 178.434 90.145 603.253 190.602 95.8907 610.724 209.693 113.048 608.513 
C:\OpenARK_test\CVAR\P1\000006_depth_modified.png 133.551 133.641 584.909 160.624 95.023 605.395 176.568 89.1615 604.063 189.091 95.952 611.313 208.295 112.818 607.197 
C:\OpenARK_test\CVAR\P1\000007_depth_modified.png 133.337 131.409 580.758 160.655 93.9297 601.039 176.78 88.0562 601.925 189.791 94.7512 608.88 208.429 112.541 609.798 
C:\OpenARK_test\CVAR\P1\000008_depth_modified.png 132.332 130.47 578.67 160.641 92.9806 599.68 177.068 87.268 600.32 188.882 94.2243 612.778 208.052 112.089 607.081 
C:\OpenARK_test\CVAR\P1\000009_depth_modified.png 132.461 129.468 574.435 161.182 91.8469 596.875 177.627 87.0319 602.064 189.924 94.6604 609.432 208.229 113.74 609.437 
C:\OpenARK_test\CVAR\P1\000010_depth_modified.png 132.441 128.946 574.266 161.18 91.84 599.513 177.856 87.061 600.549 188.734 94.3293 608.185 207.812 112.827 612.474 
C:\OpenARK_test\CVAR\P1\000011_depth_modified.png 132.852 127.626 569.557 161.438 91.8976 596.868 178.238 87.0898 601.116 189.654 95.0744 611.195 207.726 114.392 613.595 
C:\OpenARK_test\CVAR\P1\000012_depth_modified.png 132.333 128.07 568.174 161.522 91.8282 597.474 177.605 87.1202 602.986 189.807 97.012 613.549 206.63 115.393 616.988 
C:\OpenARK_test\CVAR\P1\000013_depth_modified.png 132.496 127.841 563.301 161.973 91.9921 595.052 178.363 87.9303 604.443 189.818 96.9211 610.355 206.341 115.812 616.471 
C:\OpenARK_test\CVAR\P1\000014_depth_modified.png 132.431 125.952 561.393 162.863 91.0513 594.553 178.273 87.7333 603.882 189.489 97.73 614.969 204.853 117.178 617.455 
C:\OpenARK_test\CVAR\P1\000015_depth_modified.png 132.46 124.851 554.289 162.435 90.8945 590.534 178.289 87.8268 602.421 188.51 97.7108 614.02 203.897 117.611 619.247 
C:\OpenARK_test\CVAR\P1\000016_depth_modified.png 133.28 124.07 551.922 163.384 90.9088 592.813 179.121 87.722 600.767 188.843 98.9025 617.117 203.727 118.359 620.963 
C:\OpenARK_test\CVAR\P1\000017_depth_modified.png 133.606 124.531 552.156 163.76 90.6345 589.794 179.319 88.029 602 189.088 99.3236 617.771 203.537 118.873 624.823 
C:\OpenARK_test\CVAR\P1\000018_depth_modified.png 134.079 123.212 548.681 164.699 90.0794 590.118 179.718 88.0865 601.927 188.773 99.8077 617.991 202.773 119.346 623.349 
C:\OpenARK_test\CVAR\P1\000019_depth_modified.png 134.576 123.618 546.733 165.689 90.3122 587.041 180.139 88.7413 604.439 188.827 100.06 618.049 202.84 120.064 626.279 
C:\OpenARK_test\CVAR\P1\000020_depth_modified.png 135.815 121.515 546.417 167 90.2078 592.403 180.85 88.8722 605.906 188.434 99.4332 616.203 202.458 120.713 623.882 
C:\OpenARK_test\CVAR\P1\000021_depth_modified.png 135.336 122.285 543.339 166.307 90.1968 592.317 180.107 88.732 603.243 187.449 99.2968 617.595 201.124 120.536 626.157 
C:\OpenARK_test\CVAR\P1\000022_depth_modified.png 135.48 122.753 540.647 166.585 90.279 588.587 179.809 89.0333 606.083 187.38 100.095 619.948 200.545 121.091 629.159 
C:\OpenARK_test\CVAR\P1\000023_depth_modified.png 136.173 122.087 541.186 166.318 90.1417 588.5 180.122 89.6554 604.603 187.418 100.958 620.948 199.951 121.388 630.145 
C:\OpenARK_test\CVAR\P1\000024_depth_modified.png 137.211 121.143 537.855 166.985 91.1154 589.162 180.165 90.0227 607.722 187.262 100.27 617.191 199.909 122.092 631.779 
C:\OpenARK_test\CVAR\P1\000025_depth_modified.png 137.681 121.42 538.361 168.531 90.4183 587.859 181.067 90.0746 606.735 187.17 99.6781 618.991 199.652 122.355 630.136 
C:\OpenARK_test\CVAR\P1\000026_depth_modified.png 139.604 119.679 537.458 169.656 90.2637 590.111 181.28 90.6833 608.521 
C:\OpenARK_test\CVAR\P1\000027_depth_modified.png 139.824 119.66 534.815 168.945 91.3393 591.76 181.02 91.0609 609.855 
C:\OpenARK_test\CVAR\P1\000028_depth_modified.png 140.417 118.738 535.991 169.353 91.2119 591.671 181.114 91.0856 613.132 
C:\OpenARK_test\CVAR\P1\000029_depth_modified.png 140.358 118.793 533.888 167.468 91.059 586.135 180.045 91.7777 608.76 
C:\OpenARK_test\CVAR\P1\000030_depth_modified.png 141.092 117.936 532.906 168.686 91.0825 590.29 180.236 91.7476 612.733 
C:\OpenARK_test\CVAR\P1\000031_depth_modified.png 141.837 117.618 530.745 171.706 90.9752 593.856 180.745 91.7571 609.768 
C:\OpenARK_test\CVAR\P1\000032_depth_modified.png 142.055 117.355 530.035 171.11 90.4107 591.383 181.118 91.813 607.583 
C:\OpenARK_test\CVAR\P1\000033_depth_modified.png 142.88 116.57 530.238 171.949 90.1557 591.308 181.054 91.8601 607.284 
C:\OpenARK_test\CVAR\P1\000034_depth_modified.png 144.883 114.917 529.119 171.102 90.2464 590.68 181.644 91.8463 609.11 
C:\OpenARK_test\CVAR\P1\000035_depth_modified.png 145.712 114.584 527.596 173.934 90.2564 597.039 181.063 92.2931 613.805 
C:\OpenARK_test\CVAR\P1\000036_depth_modified.png 146.33 114.169 524.783 172.304 90.205 588.623 181.01 92.0973 606.342 
C:\OpenARK_test\CVAR\P1\000037_depth_modified.png 147.509 113.747 526.764 173.074 90.357 589.05 181.622 93.0189 609.625 
C:\OpenARK_test\CVAR\P1\000038_depth_modified.png 175.702 90.5482 594.876 
C:\OpenARK_test\CVAR\P1\000039_depth_modified.png 176.164 91.403 594.966 
C:\OpenARK_test\CVAR\P1\000040_depth_modified.png 176.961 91.5676 600.087 
C:\OpenARK_test\CVAR\P1\000041_depth_modified.png 177.932 91.4216 602.494 
C:\OpenARK_test\CVAR\P1\000042_depth_modified.png 178.293 91.4519 599.924 
C:\OpenARK_test\CVAR\P1\000043_depth_modified.png 178.475 91.505 602.012 
C:\OpenARK_test\CVAR\P1\000044_depth_modified.png 177.736 91.3812 603.535 
C:\OpenARK_test\CVAR\P1\000045_depth_modified.png 177.831 91.2585 604.022 
C:\OpenARK_test\CVAR\P1\000046_depth_modified.png 177.635 91.381 606.322 
C:\OpenARK_test\CVAR\P1\000047_depth_modified.png 159.313 109.051 527.434 178.644 91.3072 601.644 
C:\OpenARK_test\CVAR\P1\000048_depth_modified.png 162.049 109.29 528.609 180.697 91.5799 606.244 184.165 96.197 617.406 
C:\OpenARK_test\CVAR\P1\000049_depth_modified.png 163.971 108.863 528.241 181.485 92.3723 607.023 184.364 96.2765 615.452 
C:\OpenARK_test\CVAR\P1\000050_depth_modified.png 165.166 109.676 529.114 182.045 92.2535 609.095 184.366 95.9207 614.568 
C:\OpenARK_test\CVAR\P1\000051_depth_modified.png 166.665 109.319 528.984 182.005 93.563 612.125 184.183 96.6252 616.821 
C:\OpenARK_test\CVAR\P1\000052_depth_modified.png 182.013 93.7803 608.618 183.385 96.6488 610.561 
C:\OpenARK_test\CVAR\P1\000053_depth_modified.png 183.006 92.9908 606.07 
C:\OpenARK_test\CVAR\P1\000054_depth_modified.png 184.514 93.0918 606.662 
C:\OpenARK_test\CVAR\P1\000055_depth_modified.png 184.947 93.0348 600.344 
C:\OpenARK_test\CVAR\P1\000056_depth_modified.png 185.175 93.2349 604.633 
C:\OpenARK_test\CVAR\P1\000057_depth_modified.png 184.989 93.1339 604.983 
C:\OpenARK_test\CVAR\P1\000058_depth_modified.png 184.269 93.2048 603.583 
C:\OpenARK_test\CVAR\P1\000059_depth_modified.png 184.662 94.0254 610.484 
C:\OpenARK_test\CVAR\P1\000060_depth_modified.png 184.789 95.0441 609.197 
C:\OpenARK_test\CVAR\P1\000061_depth_modified.png 184.717 95.9557 609.294 
C:\OpenARK_test\CVAR\P1\000062_depth_modified.png 184.303 96.079 612.063 
C:\OpenARK_test\CVAR\P1\000063_depth_modified.png 183.711 96.2335 617.492 
C:\OpenARK_test\CVAR\P1\000064_depth_modified.png 183.439 96.4524 616.409 
C:\OpenARK_test\CVAR\P1\000065_depth_modified.png 183.22 97.2451 619.337 
C:\OpenARK_test\CVAR\P1\000066_depth_modified.png 163.693 133.269 648.017 171.79 113.603 650.055 184.297 96.9029 618.506 196.96 107.208 533.478 
C:\OpenARK_test\CVAR\P1\000067_depth_modified.png 163.438 132.134 646.336 171.763 113.609 650.933 184.564 97.0227 619.08 199.219 107.628 534.527 
C:\OpenARK_test\CVAR\P1\000068_depth_modified.png 162.384 132.462 644.184 171.751 113.051 652.402 185.986 97.3085 619.737 202.411 107.948 535.022 
C:\OpenARK_test\CVAR\P1\000069_depth_modified.png 162.01 130.583 648.869 171.458 112.443 653.209 186.821 97.0501 619.82 203.619 107.969 536.604 
C:\OpenARK_test\CVAR\P1\000070_depth_modified.png 161.183 131.821 645.654 170.678 113.44 652.609 187.337 97.1239 617.714 205.11 108.531 535.846 
C:\OpenARK_test\CVAR\P1\000071_depth_modified.png 161.094 130.802 646.685 170.661 113.406 652.377 187.968 96.9761 622.353 206.166 108.061 537.229 
C:\OpenARK_test\CVAR\P1\000072_depth_modified.png 159.783 130.618 646.26 178.901 103.661 643.049 188.685 97.1414 622.059 207.58 108.423 538.795 
C:\OpenARK_test\CVAR\P1\000073_depth_modified.png 157.754 130.208 639.989 177.945 102.819 644.388 188.867 96.9803 619.43 210.005 108.573 539.149 
C:\OpenARK_test\CVAR\P1\000074_depth_modified.png 157.18 128.266 638.053 169.414 109.436 648.865 178.329 101.889 640.476 189.996 95.9457 620.319 212.714 108.44 539.193 
C:\OpenARK_test\CVAR\P1\000075_depth_modified.png 156.298 127.51 636.578 169.419 108.444 647.227 178.082 101.043 643.412 190.792 95.9625 619.82 214.817 108.552 539.646 
C:\OpenARK_test\CVAR\P1\000076_depth_modified.png 155.36 125.408 635.415 167.442 107.961 645.043 177.718 100.083 640.59 191.649 95.1124 624.254 216.718 108.739 540.825 
C:\OpenARK_test\CVAR\P1\000077_depth_modified.png 154.727 124.115 626.184 167.344 106.076 641.124 176.955 98.9698 636.405 191.856 94.0313 620.62 218.309 109.213 537.793 
C:\OpenARK_test\CVAR\P1\000078_depth_modified.png 153.712 122.258 624.152 165.861 104.27 639.205 176.833 96.8216 635.295 191.56 92.8224 614.91 219.659 108.387 535.988 
C:\OpenARK_test\CVAR\P1\000079_depth_modified.png 153.1 121.017 622.078 164.905 103.143 635.6 176.155 94.968 631.284 191.895 91.0363 605.014 220.167 107.723 533.024 
C:\OpenARK_test\CVAR\P1\000080_depth_modified.png 152.421 119.744 617.124 165.502 100.782 628.337 174.968 93.953 625.341 191.517 90.0299 604.703 221.167 107.266 532.205 
C:\OpenARK_test\CVAR\P1\000081_depth_modified.png 151.806 118.455 616.436 163.172 102.205 625 175.006 92.1127 625.208 191.476 88.7755 605.423 221.922 106.819 531.159 
C:\OpenARK_test\CVAR\P1\000082_depth_modified.png 150.644 116.781 609.898 162.022 98.3505 621.244 173.319 90.6071 618.516 190.45 86.9201 597.91 221.855 105.522 532.096 
C:\OpenARK_test\CVAR\P1\000083_depth_modified.png 148.984 116.243 607.106 159.979 97.2403 616.091 171.342 88.8697 611.892 188.997 85.2262 596.109 221.928 104.61 528.073 
C:\OpenARK_test\CVAR\P1\000084_depth_modified.png 147.337 115.992 599.439 157.847 98.0501 611.257 169.069 87.6721 605.396 187.5 83.9272 589.688 222.236 104.165 523.667 
C:\OpenARK_test\CVAR\P1\000085_depth_modified.png 146.388 114.179 598.936 156.918 95.3054 607.341 167.662 86.5771 601.879 186.408 82.7763 587.651 222.178 103.509 520.427 
C:\OpenARK_test\CVAR\P1\000086_depth_modified.png 145.349 114.954 592.636 155.221 95.2637 600.289 166.586 84.9407 597.013 185.269 81.8361 585.928 222.289 102.058 518.728 
C:\OpenARK_test\CVAR\P1\000087_depth_modified.png 143.169 114.176 586.415 153.697 92.2658 593.075 164.171 82.9382 589.137 182.904 79.0495 575.687 221.321 100.058 513.398 
C:\OpenARK_test\CVAR\P1\000088_depth_modified.png 142.171 113.15 581.208 151.768 92.7282 588.518 162.802 81.0709 585.675 181.737 76.8017 568.548 220.067 97.4974 510.114 
C:\OpenARK_test\CVAR\P1\000089_depth_modified.png 141.385 112.761 580.355 150.753 92.1843 586.408 161.778 80.4458 580.66 180.3 74.9582 564.435 218.93 95.5937 504.714 
C:\OpenARK_test\CVAR\P1\000090_depth_modified.png 141.313 111.993 580.367 150.244 91.1109 583.25 160.825 79.0039 575.609 179.342 73.7312 561.213 217.713 93.9924 500.33 
C:\OpenARK_test\CVAR\P1\000091_depth_modified.png 141.155 111.322 580.962 150.095 90.9115 582.118 160.507 79.6454 576.054 178.922 72.9102 557.714 216.87 92.6945 499.711 
C:\OpenARK_test\CVAR\P1\000092_depth_modified.png 141.341 112.05 579.538 150.379 90.357 581.651 159.405 80.0566 574.038 177.655 71.9836 555.963 214.381 91.5205 494.189 
C:\OpenARK_test\CVAR\P1\000093_depth_modified.png 141.601 113.605 581.282 150.835 89.2748 586.844 158.845 77.9578 573.735 175.611 71.7358 554.77 211.711 89.9245 489.978 
C:\OpenARK_test\CVAR\P1\000094_depth_modified.png 142.297 114.099 586.661 158.655 78.8248 573.177 174.399 71.121 553.321 209.373 88.9 488.33 
C:\OpenARK_test\CVAR\P1\000095_depth_modified.png 142.564 115.697 584.514 157.927 79.7129 571.728 172.937 71.8437 551.553 207.457 88.5619 486.789 
C:\OpenARK_test\CVAR\P1\000096_depth_modified.png 144.445 115.579 588.717 158.068 80.0363 573.988 172.044 71.8686 552.552 204.647 88.057 486.648 
C:\OpenARK_test\CVAR\P1\000097_depth_modified.png 144.536 116.6 590.523 157.258 80.8314 574.764 170.8 72.1684 553.286 202.83 87.8763 485.081 
C:\OpenARK_test\CVAR\P1\000098_depth_modified.png 146.426 117.395 594.206 157.951 81.958 578.391 170.658 73.8279 551.024 201.292 88.9787 484.079 
C:\OpenARK_test\CVAR\P1\000099_depth_modified.png 148.629 119.093 598.93 161.303 81.982 576.33 170.286 75.0302 556.346 199.205 89.6537 483.849 
C:\OpenARK_test\CVAR\P1\000100_depth_modified.png 150.829 119.606 599.248 161.706 82.6359 576.852 169.71 75.2102 559.5 197.053 90.0212 482.69 
C:\OpenARK_test\CVAR\P1\000101_depth_modified.png 156.884 96.5664 595.284 169.266 76.8407 554.482 195.049 91.366 482.583 
C:\OpenARK_test\CVAR\P1\000102_depth_modified.png 168.682 77.998 557.376 193.314 92.6404 482.159 
C:\OpenARK_test\CVAR\P1\000103_depth_modified.png 167.481 79.0973 559.692 189.864 93.186 487.588 
C:\OpenARK_test\CVAR\P1\000104_depth_modified.png 161.874 86.5492 576.439 165.884 79.0945 555.781 184.051 93.6372 482.516 
C:\OpenARK_test\CVAR\P1\000105_depth_modified.png 165.122 78.9958 555.75 181.655 94.0015 480.116 
C:\OpenARK_test\CVAR\P1\000106_depth_modified.png 164.983 79.3057 555.956 
C:\OpenARK_test\CVAR\P1\000107_depth_modified.png 164.242 79.9957 551.608 
C:\OpenARK_test\CVAR\P1\000108_depth_modified.png 163.942 80.0803 556.314 
C:\OpenARK_test\CVAR\P1\000109_depth_modified.png 163.39 80.1433 552.149 
C:\OpenARK_test\CVAR\P1\000110_depth_modified.png 163.135 80.9032 552.877 
C:\OpenARK_test\CVAR\P1\000111_depth_modified.png 161.667 80.2762 551.543 
C:\OpenARK_test\CVAR\P1\000112_depth_modified.png 160.683 80.133 551.372 
C:\OpenARK_test\CVAR\P1\000113_depth_modified.png 160.418 80.0574 552.052 
C:\OpenARK_test\CVAR\P1\000114_depth_modified.png 159.969 80.4408 553.571 
C:\OpenARK_test\CVAR\P1\000115_depth_modified.png 159.986 80.3196 552.92 
C:\OpenARK_test\CVAR\P1\000116_depth_modified.png 159.668 80.4222 555.903 
C:\OpenARK_test\CVAR\P1\000117_depth_modified.png 158.962 81.5622 556.716 
C:\OpenARK_test\CVAR\P1\000118_depth_modified.png 158.356 81.4914 556.75 
C:\OpenARK_test\CVAR\P1\000119_depth_modified.png 156.909 82.0883 554.6 
C:\OpenARK_test\CVAR\P1\000120_depth_modified.png 141.942 108.848 480.151 156.301 83.8925 552.943 165.482 85.09 577.313 
C:\OpenARK_test\CVAR\P1\000121_depth_modified.png 138.193 111.546 484.464 156.671 82.5692 557.295 166.193 84.2384 578.467 176.056 93.4975 595 
C:\OpenARK_test\CVAR\P1\000122_depth_modified.png 134 114.631 487.85 155.19 83.1987 560.297 166.021 83.6914 579 177.459 93.0594 595.886 
C:\OpenARK_test\CVAR\P1\000123_depth_modified.png 131.366 116.07 487.664 151.112 83.8969 548.971 164.972 82.9266 573.485 177.379 92.4864 592.313 
C:\OpenARK_test\CVAR\P1\000124_depth_modified.png 130.328 118.277 488.732 151.043 83.8667 552.348 165.242 82.9815 573.661 177.482 92.7356 593.8 
C:\OpenARK_test\CVAR\P1\000125_depth_modified.png 128.372 119.975 492.965 151.268 84.2563 554.147 164.826 82.7757 574.333 177.471 91.7715 592.289 188.821 113.526 609.105 
C:\OpenARK_test\CVAR\P1\000126_depth_modified.png 126.18 122.38 494.558 148.814 85.017 547.147 163.773 82.0197 569.588 177.045 90.2628 588.904 190.061 111.752 603.12 
C:\OpenARK_test\CVAR\P1\000127_depth_modified.png 122.995 126.01 495.263 146.829 84.98 553.316 162.922 80.9931 570.384 177.123 89.2168 585.778 191.582 109.754 600.915 
C:\OpenARK_test\CVAR\P1\000128_depth_modified.png 122.568 126.144 499.643 146.022 85.1939 549.417 162.567 80.9034 565.303 177.006 89.2499 582.041 192.581 108.183 595.841 
C:\OpenARK_test\CVAR\P1\000129_depth_modified.png 121.359 127.55 502.333 145.727 86.3053 547.301 162.131 79.8261 561.608 177.102 87.7051 576.837 193.581 107.009 592.445 
C:\OpenARK_test\CVAR\P1\000130_depth_modified.png 120.326 128.617 507.218 145.54 85.9694 549.312 162.585 79.7639 564.913 177.866 87.8131 576.305 194.794 106.251 590.629 
C:\OpenARK_test\CVAR\P1\000131_depth_modified.png 120.691 128.043 514.638 145.991 86.0198 552.675 162.997 78.9793 562.587 178.455 85.8299 574.275 196.653 105.025 587.099 
C:\OpenARK_test\CVAR\P1\000132_depth_modified.png 121.165 128.775 518.341 147.6 84.0201 552.253 164.563 77.8477 560.4 180.356 83.8293 573.889 198.976 103.55 581.556 
C:\OpenARK_test\CVAR\P1\000133_depth_modified.png 121.975 128.21 520.237 148.69 83.7602 553.265 165.789 76.8557 557 181.639 82.7038 566.763 200.776 101.682 581.68 
C:\OpenARK_test\CVAR\P1\000134_depth_modified.png 122.594 128.468 521.824 149.982 82.8091 551.241 166.842 75.7627 553.238 183.181 81.6651 565.153 202.65 100.627 576.177 
C:\OpenARK_test\CVAR\P1\000135_depth_modified.png 122.798 128.761 522.344 149.909 83.4698 546.911 167.597 74.9656 553.07 183.385 80.9956 561.961 203.028 99.765 573.671 
C:\OpenARK_test\CVAR\P1\000136_depth_modified.png 123.237 127.964 526.127 150.418 82.7384 548.301 168.02 74.1201 554.205 184.218 80.4365 562 203.789 98.6503 575.161 
C:\OpenARK_test\CVAR\P1\000137_depth_modified.png 124.273 126.286 526.606 152.327 78.8469 542.705 169.505 71.5033 536.258 185.938 78.6618 557.056 205.992 96.954 567.037 
C:\OpenARK_test\CVAR\P1\000138_depth_modified.png 124.862 124.566 527.992 154.706 76.1954 526.118 171.493 69.8673 542.105 187.901 76.6968 550.663 208.25 95.6573 559.915 
C:\OpenARK_test\CVAR\P1\000139_depth_modified.png 125.611 122.541 524.594 155.004 75.0668 532.717 172.477 67.8634 537.932 189.081 74.6186 550.82 209.559 93.8255 559.494 
C:\OpenARK_test\CVAR\P1\000140_depth_modified.png 125.537 120.962 524.009 155.456 72.9277 526.121 173.233 65.6931 532.692 190.05 72.5118 544.445 210.491 91.9197 554.111 
C:\OpenARK_test\CVAR\P1\000141_depth_modified.png 125.855 120.322 525.203 155.535 72.0043 522.654 173.26 64.801 532.241 190.201 71.6771 542.874 211.09 91.5655 550.639 
C:\OpenARK_test\CVAR\P1\000142_depth_modified.png 126.496 119.803 524.285 155.732 71.674 524.345 174.042 64.5416 534.27 190.947 71.5588 543.124 211.425 90.9459 550.962 
C:\OpenARK_test\CVAR\P1\000143_depth_modified.png 126.745 120.06 526.075 156.429 70.0981 525.891 174.041 64.7566 534.055 191.221 72.1537 545.309 211.985 90.6991 547.456 
C:\OpenARK_test\CVAR\P1\000144_depth_modified.png 126.507 118.815 527.305 156.287 70.9588 524.527 173.774 64.0326 532.476 190.989 71.6084 545.775 211.5 90.8969 549.975 
C:\OpenARK_test\CVAR\P1\000145_depth_modified.png 126.605 119.043 523.847 155.818 70.9127 526.828 174.338 63.8788 533.302 190.949 71.3879 546.032 211.792 90.5869 551.654 
C:\OpenARK_test\CVAR\P1\000146_depth_modified.png 126.915 119.27 526.735 155.899 73.5526 532.061 174.865 63.9281 534.732 191.547 71.8622 546.596 212.381 91.0421 554.437 
C:\OpenARK_test\CVAR\P1\000147_depth_modified.png 127.582 119.087 524.348 155.368 76.7736 538.752 175.66 64.0731 532.288 192.106 72.1688 545.597 212.308 91.585 551.314 
C:\OpenARK_test\CVAR\P1\000148_depth_modified.png 127.841 119.254 525.95 155.404 79.925 546.373 175.931 64.6528 533.607 192.709 72.3272 545.805 213.057 91.6111 553.361 
C:\OpenARK_test\CVAR\P1\000149_depth_modified.png 128.547 118.818 524.796 154.935 84.9091 560.791 176.011 64.7965 537.373 192.276 72.7435 548.5 213.382 92.2205 553.593 
C:\OpenARK_test\CVAR\P1\000150_depth_modified.png 128.075 118.343 521.664 153.75 89.9157 563.196 174.488 64.9569 539.096 191.278 71.745 544.35 212.154 91.5958 554.658 
C:\OpenARK_test\CVAR\P1\000151_depth_modified.png 127.679 118.623 521.325 174.104 65.755 537.322 190.414 71.912 548.894 211.801 91.6105 552.95 
C:\OpenARK_test\CVAR\P1\000152_depth_modified.png 126.957 119.127 522.619 172.471 67.3682 540.719 172.417 65.7254 539.253 189.35 71.9038 546.449 210.862 91.5189 555.438 
C:\OpenARK_test\CVAR\P1\000153_depth_modified.png 126.736 119.464 522.603 171.811 66.786 539.639 188.954 72.9157 548.807 210.813 91.6446 556.744 
C:\OpenARK_test\CVAR\P1\000154_depth_modified.png 126.206 120.129 522.034 170.253 67.8133 540.974 187.351 73.6393 550.953 209.446 91.9359 556.25 
C:\OpenARK_test\CVAR\P1\000155_depth_modified.png 126.422 119.953 521.313 169.754 68.1352 543.803 187.206 73.0883 551.65 209.432 91.8621 557.215 
C:\OpenARK_test\CVAR\P1\000156_depth_modified.png 126.401 119.904 521.983 169.531 69.6586 547 186.906 73.8387 552.329 209.565 92.1849 555.439 
C:\OpenARK_test\CVAR\P1\000157_depth_modified.png 125.717 120.386 520.596 168.299 70.9683 551.416 186.085 74.4834 553.489 208.95 92.6105 556.437 
C:\OpenARK_test\CVAR\P1\000158_depth_modified.png 125.738 120.441 523.398 167.243 73.0272 556.079 185.154 74.8984 552.266 208.08 92.7829 559.667 
C:\OpenARK_test\CVAR\P1\000159_depth_modified.png 125.463 119.287 521.648 166.146 74.798 560.21 184.158 74.7575 553.877 207.686 92.3716 556.407 
C:\OpenARK_test\CVAR\P1\000160_depth_modified.png 125.405 119.988 524.188 165.604 75.9615 558.494 183.583 74.9273 553.722 207.523 92.4345 556.345 
C:\OpenARK_test\CVAR\P1\000161_depth_modified.png 125.583 119.902 522.254 164.944 77.8167 561.244 183.191 75.7066 556.215 207.758 92.5106 557.591 
C:\OpenARK_test\CVAR\P1\000162_depth_modified.png 126.214 120.234 522.256 164.483 79.7145 564.84 182.576 77.0133 560.064 207.941 92.711 557.538 
C:\OpenARK_test\CVAR\P1\000163_depth_modified.png 126.622 120.74 521.434 165.038 80.9372 566.449 182.459 77.9651 559.679 208.391 93.4227 557.678 
C:\OpenARK_test\CVAR\P1\000164_depth_modified.png 127.584 119.666 522.789 164.158 82.2434 562.5 181.494 78.9076 560.038 208.277 92.9818 559.432 
C:\OpenARK_test\CVAR\P1\000165_depth_modified.png 127.727 119.501 523.495 163.523 84.0219 567.037 180.43 79.9584 564.354 207.77 93.0799 558.802 
C:\OpenARK_test\CVAR\P1\000166_depth_modified.png 127.054 119.32 524.85 163.064 85.114 566.859 179.552 80.7205 566.813 207.474 92.8742 558.851 
C:\OpenARK_test\CVAR\P1\000167_depth_modified.png 126.701 119.502 524.699 162.421 85.1546 567.628 179.14 80.8018 563.938 206.627 92.9528 561.253 
C:\OpenARK_test\CVAR\P1\000168_depth_modified.png 126.506 119.897 523.243 162.974 86.0081 568 179.536 80.9012 563.377 206.774 93.8072 558.763 
C:\OpenARK_test\CVAR\P1\000169_depth_modified.png 126.368 120.025 522.407 162.776 87.7017 565.037 179.851 81.0307 566.192 206.762 93.8592 561.05 
C:\OpenARK_test\CVAR\P1\000170_depth_modified.png 127.539 119.605 523.527 163.213 90.9411 573.184 180.286 81.7809 563.691 207.617 93.7115 557.175 
C:\OpenARK_test\CVAR\P1\000171_depth_modified.png 127.407 119.964 523.13 162.806 95.324 572.045 180.327 81.8457 567.612 207.897 93.1441 555.887 
C:\OpenARK_test\CVAR\P1\000172_depth_modified.png 127.863 119.352 521.479 180.046 82.1822 567.097 207.92 93.0709 558.028 
C:\OpenARK_test\CVAR\P1\000173_depth_modified.png 127.962 119.322 522.62 179.917 82.9346 568.616 207.976 93.188 556.943 
C:\OpenARK_test\CVAR\P1\000174_depth_modified.png 127.379 119.078 521.678 179.93 83.93 568.68 208.066 92.9738 556.811 
C:\OpenARK_test\CVAR\P1\000175_depth_modified.png 127.425 118.944 520.983 179.101 85.0599 571.26 208.174 92.8261 554.39 
C:\OpenARK_test\CVAR\P1\000176_depth_modified.png 128.478 119.87 523 179.599 88.9464 570.408 208.911 93.8706 561.077 
C:\OpenARK_test\CVAR\P1\000177_depth_modified.png 128.378 120.048 521.465 179.06 91.3696 569.989 208.938 94.0887 558.722 
C:\OpenARK_test\CVAR\P1\000178_depth_modified.png 128.573 119.927 520.93 178.04 95.193 569.83 208.726 94.8032 556.587 
C:\OpenARK_test\CVAR\P1\000179_depth_modified.png 129.003 119.715 521.6 176.016 97.8536 569.274 208.155 94.7872 560.25 
C:\OpenARK_test\CVAR\P1\000180_depth_modified.png 129.952 119.035 520.311 164.658 104.223 560.252 178.727 99.8162 563.96 207.881 94.9862 559.173 
C:\OpenARK_test\CVAR\P1\000181_depth_modified.png 128.489 119.428 525.165 163.927 104.207 563.826 177.031 100.612 562.725 208.074 95.5483 563.389 
C:\OpenARK_test\CVAR\P1\000182_depth_modified.png 128.965 119.761 523.155 163.316 105.006 565.523 169.305 102.59 562.478 207.099 95.7633 563.705 207.356 97.7522 562.795 
C:\OpenARK_test\CVAR\P1\000183_depth_modified.png 128.681 119.654 523.074 163.761 105.209 563.066 207.119 96.0762 562.814 
C:\OpenARK_test\CVAR\P1\000184_depth_modified.png 128.586 120.324 521.517 166.741 104.427 560.631 206.774 96.827 565.333 
C:\OpenARK_test\CVAR\P1\000185_depth_modified.png 129.104 120.466 522.352 168.294 104.567 562.696 206.45 97.8743 568.608 
C:\OpenARK_test\CVAR\P1\000186_depth_modified.png 128.861 120.565 523.967 164.751 106.176 562.664 206.07 98.7629 567.392 
C:\OpenARK_test\CVAR\P1\000187_depth_modified.png 129.003 120.609 522.47 166.246 106.19 559.565 205.894 98.9591 571.892 
C:\OpenARK_test\CVAR\P1\000188_depth_modified.png 129.036 120.443 522.301 167.838 106.378 558 206.398 99.894 573.015 
C:\OpenARK_test\CVAR\P1\000189_depth_modified.png 128.946 119.675 523.297 169.87 105.976 557.369 206.272 100.821 571.616 
C:\OpenARK_test\CVAR\P1\000190_depth_modified.png 129.24 118.917 519.846 170.561 106.11 557.248 206.38 101.047 573.062 
C:\OpenARK_test\CVAR\P1\000191_depth_modified.png 129.475 117.954 521.681 170.11 106.057 556.6 206.489 101.957 575.162 
C:\OpenARK_test\CVAR\P1\000192_depth_modified.png 129.572 117.713 519.854 171.709 106.343 554.274 205.701 103.059 574.084 
C:\OpenARK_test\CVAR\P1\000193_depth_modified.png 129.165 117.706 520.181 170.99 107.225 555.907 200.637 106.994 574.172 
C:\OpenARK_test\CVAR\P1\000194_depth_modified.png 129.057 117.434 520.585 171.135 107.154 554.349 
C:\OpenARK_test\CVAR\P1\000195_depth_modified.png 129.215 117.558 518.174 169.322 107.047 552.544 
C:\OpenARK_test\CVAR\P1\000196_depth_modified.png 130.304 117.237 521.81 169.898 107.073 554.919 
C:\OpenARK_test\CVAR\P1\000197_depth_modified.png 130.163 116.871 516.058 171.835 106.425 550.959 
C:\OpenARK_test\CVAR\P1\000198_depth_modified.png 130.877 116.79 517.164 171.782 106.21 550.555 
C:\OpenARK_test\CVAR\P1\000199_depth_modified.png 129.838 118.03 515.36 
C:\OpenARK_test\CVAR\P1\000200_depth_modified.png 131.358 116.574 515.525 172.719 106.374 549.45 
C:\OpenARK_test\CVAR\P1\000201_depth_modified.png 131.028 116.696 515.983 172.556 107.412 549.424 
C:\OpenARK_test\CVAR\P1\000202_depth_modified.png 130.557 116.537 515.496 171.593 108.394 546.347 
C:\OpenARK_test\CVAR\P1\000203_depth_modified.png 131.222 114.88 516.949 169.8 111.029 538.709 
C:\OpenARK_test\CVAR\P1\000204_depth_modified.png 131.663 113.772 514.728 171.932 113.83 526.986 
C:\OpenARK_test\CVAR\P1\000205_depth_modified.png 132.277 112.844 516.008 161.058 114.861 526.823 
C:\OpenARK_test\CVAR\P1\000206_depth_modified.png 132.41 110.206 513.85 182.287 116.853 518.209 
C:\OpenARK_test\CVAR\P1\000207_depth_modified.png 132.907 109.031 510.58 182.026 116.924 519.293 
C:\OpenARK_test\CVAR\P1\000208_depth_modified.png 134.631 106.915 509.566 182.908 116.862 519.992 
C:\OpenARK_test\CVAR\P1\000209_depth_modified.png 139.941 101.769 508.25 185.791 117.473 520.71 199.277 133.251 526.825 
C:\OpenARK_test\CVAR\P1\000210_depth_modified.png 145.262 97.3021 507.36 
C:\OpenARK_test\CVAR\P1\000211_depth_modified.png 149.128 94.5026 505.165 
C:\OpenARK_test\CVAR\P1\000212_depth_modified.png 151.49 92.7686 506.596 
C:\OpenARK_test\CVAR\P1\000213_depth_modified.png 154.467 91.1409 504.915 
C:\OpenARK_test\CVAR\P1\000214_depth_modified.png 158.743 89.0107 508.126 
C:\OpenARK_test\CVAR\P1\000215_depth_modified.png 160.197 88.0441 508.721 
C:\OpenARK_test\CVAR\P1\000216_depth_modified.png 162.174 87.0876 507.208 
C:\OpenARK_test\CVAR\P1\000217_depth_modified.png 164.272 86.8268 509.981 
C:\OpenARK_test\CVAR\P1\000218_depth_modified.png 167.233 85.9541 512.155 
C:\OpenARK_test\CVAR\P1\000219_depth_modified.png 169.888 86.0876 518.01 
C:\OpenARK_test\CVAR\P1\000220_depth_modified.png 173.386 86.8548 521.273 
C:\OpenARK_test\CVAR\P1\000221_depth_modified.png 176.887 86.9059 524.835 
C:\OpenARK_test\CVAR\P1\000222_depth_modified.png 179.635 86.2194 527.917 
C:\OpenARK_test\CVAR\P1\000223_depth_modified.png 184.435 86.8812 531.096 
C:\OpenARK_test\CVAR\P1\000224_depth_modified.png 186.997 86.8765 533.757 
C:\OpenARK_test\CVAR\P1\000225_depth_modified.png 186.695 85.1843 534.515 
C:\OpenARK_test\CVAR\P1\000226_depth_modified.png 185.026 83.1724 530.096 
C:\OpenARK_test\CVAR\P1\000227_depth_modified.png 183.9 81.2235 523.185 
C:\OpenARK_test\CVAR\P1\000228_depth_modified.png 183.924 80.8157 522.281 
C:\OpenARK_test\CVAR\P1\000229_depth_modified.png 183.024 80.8687 524.97 
C:\OpenARK_test\CVAR\P1\000230_depth_modified.png 180.869 80.8892 525.745 
C:\OpenARK_test\CVAR\P1\000231_depth_modified.png 176.072 81.8267 524.94 
C:\OpenARK_test\CVAR\P1\000232_depth_modified.png 173.29 82.9208 527.34 
C:\OpenARK_test\CVAR\P1\000233_depth_modified.png 171.862 83.8741 526.572 
C:\OpenARK_test\CVAR\P1\000234_depth_modified.png 168.217 85.0519 526.625 
C:\OpenARK_test\CVAR\P1\000235_depth_modified.png 163.088 88.3487 518.798 162.422 138.641 499.182 
C:\OpenARK_test\CVAR\P1\000236_depth_modified.png 159.471 90.9796 524.008 162.137 144.066 499.203 
C:\OpenARK_test\CVAR\P1\000237_depth_modified.png 154.592 89.9882 522.451 
C:\OpenARK_test\CVAR\P1\000238_depth_modified.png 152.122 91.1853 519.396 180.359 113.712 537.229 
C:\OpenARK_test\CVAR\P1\000239_depth_modified.png 149.58 91.4986 517.75 180.461 113.776 533.073 158.178 144.005 497.17 
C:\OpenARK_test\CVAR\P1\000240_depth_modified.png 147.203 92.8081 518.982 178.923 113.047 534.975 
C:\OpenARK_test\CVAR\P1\000241_depth_modified.png 143.024 94.9598 513.963 178.193 112.849 530.962 202.243 135.712 536.481 
C:\OpenARK_test\CVAR\P1\000242_depth_modified.png 140.354 96.0366 512.75 
C:\OpenARK_test\CVAR\P1\000243_depth_modified.png 137.923 98.2608 512.208 175.666 112.834 531.257 
C:\OpenARK_test\CVAR\P1\000244_depth_modified.png 135.96 100.88 514.239 172.795 112.766 530.722 
C:\OpenARK_test\CVAR\P1\000245_depth_modified.png 133.582 103.074 514.798 184.826 117.53 532.47 
C:\OpenARK_test\CVAR\P1\000246_depth_modified.png 132.78 104.839 513.703 170.074 113.735 531.087 200.609 133.679 533.039 
C:\OpenARK_test\CVAR\P1\000247_depth_modified.png 131.382 106.9 518.185 163.374 111.813 540.282 
C:\OpenARK_test\CVAR\P1\000248_depth_modified.png 131.073 109.08 517.086 159.988 110.309 546.822 
C:\OpenARK_test\CVAR\P1\000249_depth_modified.png 130.296 110.861 520.729 157.791 109.944 552.934 
C:\OpenARK_test\CVAR\P1\000250_depth_modified.png 130.298 111.211 520.58 156.037 103.737 564.117 
C:\OpenARK_test\CVAR\P1\000251_depth_modified.png 128.68 112.044 524.482 155.958 96.3711 576.42 
C:\OpenARK_test\CVAR\P1\000252_depth_modified.png 128.614 111.702 522.08 156.537 90.8623 575.377 
C:\OpenARK_test\CVAR\P1\000253_depth_modified.png 126.432 112.104 522.473 156.077 84.0369 568.145 
C:\OpenARK_test\CVAR\P1\000254_depth_modified.png 125.074 114.091 525.5 156.074 81.3784 555.518 156.294 81.2041 555.491 
C:\OpenARK_test\CVAR\P1\000255_depth_modified.png 124.092 115.889 527.589 154.77 77.4545 547.841 154.881 76.8061 547.374 
C:\OpenARK_test\CVAR\P1\000256_depth_modified.png 123.324 117.645 531.385 152.247 76.3682 541.339 152.554 75.7587 540.69 
C:\OpenARK_test\CVAR\P1\000257_depth_modified.png 122.942 117.234 529.521 151.881 76.44 543.889 152.004 75.8291 543.719 
C:\OpenARK_test\CVAR\P1\000258_depth_modified.png 122.837 118.003 528.231 150.764 76.693 544.982 150.888 76.5729 544.899 
C:\OpenARK_test\CVAR\P1\000259_depth_modified.png 123.22 117.844 529.446 150.211 78.1387 543.667 150.46 77.9878 543.699 
C:\OpenARK_test\CVAR\P1\000260_depth_modified.png 122.984 118.832 531.555 151.154 78.4303 547.67 151.105 77.896 547.767 
C:\OpenARK_test\CVAR\P1\000261_depth_modified.png 123.301 118.668 532.047 151.261 79.2429 550.347 151.482 79.0927 550.169 
C:\OpenARK_test\CVAR\P1\000262_depth_modified.png 123.554 118.782 532.269 151.239 80.2308 550.708 151.489 80.0888 551.071 
C:\OpenARK_test\CVAR\P1\000263_depth_modified.png 123.609 119.212 530.734 149.861 80.4693 554.654 
C:\OpenARK_test\CVAR\P1\000264_depth_modified.png 122.801 119.464 530.399 149.048 79.8686 556.987 
C:\OpenARK_test\CVAR\P1\000265_depth_modified.png 122.384 119.174 530.857 148.12 80.8563 560.568 
C:\OpenARK_test\CVAR\P1\000266_depth_modified.png 121.825 120.404 529.087 145.81 82.8824 560.487 
C:\OpenARK_test\CVAR\P1\000267_depth_modified.png 121.355 120.192 529.549 145.133 85.4198 558.696 163.524 89.1492 581.141 
C:\OpenARK_test\CVAR\P1\000268_depth_modified.png 121.471 120.771 531.373 145.354 85.9619 559.719 164.46 87.7064 585.975 
C:\OpenARK_test\CVAR\P1\000269_depth_modified.png 121.283 120.215 529.14 145.125 83.9628 563.266 165.473 83.8924 573.825 
C:\OpenARK_test\CVAR\P1\000270_depth_modified.png 121.438 119.967 528.46 145.756 83.9941 559.772 166.251 80.6244 573.545 
C:\OpenARK_test\CVAR\P1\000271_depth_modified.png 120.716 120.408 529.832 145.028 83.854 562.866 165.393 79.7686 571.626 
C:\OpenARK_test\CVAR\P1\000272_depth_modified.png 120.445 120.107 529.257 143.792 82.8732 561.616 164.462 77.0493 567.365 
C:\OpenARK_test\CVAR\P1\000273_depth_modified.png 120.042 119.596 526.6 143.737 82.8611 556.902 164.078 76.8244 567.646 164.704 78.1702 566.408 
C:\OpenARK_test\CVAR\P1\000274_depth_modified.png 119.496 120.024 527.198 143.258 82.9513 561.25 164.01 77.9066 570.511 
C:\OpenARK_test\CVAR\P1\000275_depth_modified.png 119.346 119.975 527.526 142.973 82.9803 559.222 162.786 77.0796 568.589 
C:\OpenARK_test\CVAR\P1\000276_depth_modified.png 118.894 119.788 527.864 141.924 83.0404 559.79 161.355 76.0331 568.26 
C:\OpenARK_test\CVAR\P1\000277_depth_modified.png 117.688 120.647 526.728 141.136 83.9043 560.619 160.205 76.016 562.705 
C:\OpenARK_test\CVAR\P1\000278_depth_modified.png 116.719 121.298 526.35 140.592 84.8689 560.569 158.772 75.7032 558.337 
C:\OpenARK_test\CVAR\P1\000279_depth_modified.png 116.831 120.719 526.441 140.056 85.8137 562.942 157.631 76.6972 561.8 
C:\OpenARK_test\CVAR\P1\000280_depth_modified.png 116.677 120.031 527.444 140.183 85.9224 561.325 157.739 75.2324 560.58 
C:\OpenARK_test\CVAR\P1\000281_depth_modified.png 116.514 120.706 527.508 140.68 86.0668 561.935 157.365 73.9329 558.725 
C:\OpenARK_test\CVAR\P1\000282_depth_modified.png 117.278 120.611 527.283 141.294 87.1364 562.797 157.894 73.7186 554.232 
C:\OpenARK_test\CVAR\P1\000283_depth_modified.png 116.834 121.359 524.324 141.27 87.782 563.663 157.507 73.4444 558.899 
C:\OpenARK_test\CVAR\P1\000284_depth_modified.png 116.957 120.367 525.418 141.135 87.0458 562.506 157.081 72.3863 556.67 
C:\OpenARK_test\CVAR\P1\000285_depth_modified.png 116.418 119.777 530.069 140.815 85.969 562.487 157.498 69.8552 553.65 
C:\OpenARK_test\CVAR\P1\000286_depth_modified.png 116.436 119.975 526.684 140.818 85.8803 561.635 157.067 69.8868 554.512 
C:\OpenARK_test\CVAR\P1\000287_depth_modified.png 116.166 120.23 527.443 138.87 87.3727 561.947 155.81 69.8443 553.865 169.679 77.9149 563.841 
C:\OpenARK_test\CVAR\P1\000288_depth_modified.png 115.339 119.138 539.269 137.53 87.8123 561.67 153.543 70.079 548.783 169.648 76.705 562.081 
C:\OpenARK_test\CVAR\P1\000289_depth_modified.png 115.225 120.081 529.956 136.843 88.6147 561.936 151.384 71.8155 551.216 168.406 76.9314 562.163 
C:\OpenARK_test\CVAR\P1\000290_depth_modified.png 114.06 121.012 528.449 136.168 89.7512 562.836 149.924 73.041 555.137 167.34 76.0569 559.987 
C:\OpenARK_test\CVAR\P1\000291_depth_modified.png 113.347 120.095 536.203 135.811 89.5641 563.385 148.922 74.6736 556.916 166.033 76.7708 558.349 
C:\OpenARK_test\CVAR\P1\000292_depth_modified.png 112.924 120.195 530.364 135.514 88.9342 561.734 149.053 72.9328 556.037 165.421 75.9426 557.023 
C:\OpenARK_test\CVAR\P1\000293_depth_modified.png 112.719 119.544 527.474 135.154 88.6036 560.531 147.96 72.8937 553.366 165.069 75.8317 558.861 
C:\OpenARK_test\CVAR\P1\000294_depth_modified.png 112.652 118.819 529.717 135.027 87.3189 560 148.165 72.0323 555.866 165.113 74.9586 557.598 
C:\OpenARK_test\CVAR\P1\000295_depth_modified.png 113.16 118.174 537.606 135.742 85.8285 559.856 148.678 70.9636 554.555 165.601 73.8967 556.21 
C:\OpenARK_test\CVAR\P1\000296_depth_modified.png 113.359 117.825 526.836 135.722 85.7712 558.971 148.085 72.2585 552.271 148.142 70.8447 552.535 165.648 73.8102 553.145 
C:\OpenARK_test\CVAR\P1\000297_depth_modified.png 113.548 118.495 524.059 136.223 85.2256 559.534 148.739 71.7179 552.936 166.784 74.8441 558.447 
C:\OpenARK_test\CVAR\P1\000298_depth_modified.png 113.846 117.528 528.695 135.686 85.8625 558.272 148.215 70.8718 553.46 166.596 74.7425 558.357 184.008 93.6224 559.895 
C:\OpenARK_test\CVAR\P1\000299_depth_modified.png 113.255 117.48 532.189 135.29 85.889 558.411 147.876 71.7937 552.533 166.195 74.8693 558.325 184.793 92.025 560.732 
C:\OpenARK_test\CVAR\P1\000300_depth_modified.png 112.74 117.69 525.903 135.128 85.1975 557.786 147.757 69.8684 549.823 166.276 73.9618 559.171 186.086 90.0576 558.026 
C:\OpenARK_test\CVAR\P1\000301_depth_modified.png 112.425 117.592 523.217 135.079 84.0579 554.462 147.913 68.913 551.395 166.523 72.809 558.671 187.336 88.0916 551.92 
C:\OpenARK_test\CVAR\P1\000302_depth_modified.png 111.521 118.237 526.144 135.213 83.3228 557.284 148.261 68.1188 549.512 166.481 71.8287 552.63 188.796 87.6422 554.468 
C:\OpenARK_test\CVAR\P1\000303_depth_modified.png 109.827 119.329 539.177 134.235 84.6409 554.693 148.013 69.8461 547.842 148.105 67.9154 547.494 165.893 71.1486 553.959 190.599 86.9753 554.618 
C:\OpenARK_test\CVAR\P1\000304_depth_modified.png 107.011 121.835 533.955 133.829 84.1167 551.243 148.043 67.8487 549.22 165.671 70.9056 554.132 191.404 86.0625 550.32 
C:\OpenARK_test\CVAR\P1\000305_depth_modified.png 105.89 123.071 529.764 133.703 82.2337 554.475 148.165 67.283 545.948 166.099 69.6085 548.956 192.672 85.0458 548.195 
C:\OpenARK_test\CVAR\P1\000306_depth_modified.png 104.846 124.201 514.42 132.931 78.4121 541.527 148.26 64.3413 541.333 166.744 66.7292 545.25 194.264 83.2117 543.922 
C:\OpenARK_test\CVAR\P1\000307_depth_modified.png 104.986 122.934 524.567 132.597 75.2328 537.922 149.424 60.728 533.202 168.677 64.7075 538.809 195.953 82.7137 543.295 
C:\OpenARK_test\CVAR\P1\000308_depth_modified.png 105.202 122.482 514.076 133.012 73.3474 534.146 150.388 58.9054 528.198 169.639 63.7865 535.222 197.206 82.2473 540.663 
C:\OpenARK_test\CVAR\P1\000309_depth_modified.png 133.959 70.0708 537.277 151.274 57.8156 524.784 170.217 62.0183 529.593 198.492 80.84 539.839 
C:\OpenARK_test\CVAR\P1\000310_depth_modified.png 106.19 120.765 530.343 134.493 68.5752 532.403 151.707 57.6888 526.532 170.873 61.7699 527.988 198.614 80.6828 536.581 
C:\OpenARK_test\CVAR\P1\000311_depth_modified.png 134.15 69.1947 532.65 151.479 57.474 526.816 170.303 61.6454 529.883 198.397 80.5919 537.357 
C:\OpenARK_test\CVAR\P1\000312_depth_modified.png 134.048 68.4062 533.789 151.158 56.7958 523.489 169.61 61.5883 529.69 197.708 79.8028 533.861 
C:\OpenARK_test\CVAR\P1\000313_depth_modified.png 134.145 69.0899 532.281 150.925 56.6949 525.845 169.046 60.7431 527.539 196.853 78.7452 535.742 
C:\OpenARK_test\CVAR\P1\000314_depth_modified.png 104.951 119.133 518.977 133.868 67.4768 532.662 150.675 56.637 526.695 169.052 61.0931 527.84 196.471 78.7159 531.506 
C:\OpenARK_test\CVAR\P1\000315_depth_modified.png 134.339 69.082 532.32 151.096 56.7205 527.482 168.536 61.89 533.703 196.325 78.1076 533.911 
C:\OpenARK_test\CVAR\P1\000316_depth_modified.png 106.68 118.463 529.609 134.972 69.3092 533.639 151.399 57.8111 527.739 168.886 62.8072 530.857 196.267 78.8049 533.965 
C:\OpenARK_test\CVAR\P1\000317_depth_modified.png 107.076 118.418 523.611 135.762 70.1392 533.737 152.025 58.3676 530.283 169.59 62.8894 531.922 196.51 78.6867 535.471 
C:\OpenARK_test\CVAR\P1\000318_depth_modified.png 136.687 71.0984 537.455 152.669 58.9396 529.952 170.046 63.8562 533.494 197.175 79.3692 533.979 
C:\OpenARK_test\CVAR\P1\000319_depth_modified.png 109.068 120.037 522.106 137.756 72.6416 537.346 153.287 59.9087 533.686 170.52 64.7855 535.189 197.458 79.8505 536.072 
C:\OpenARK_test\CVAR\P1\000320_depth_modified.png 137.864 72.8223 538.506 153.468 61.4109 535.515 170.467 65.7344 538.667 197.562 80.0393 537.282 
C:\OpenARK_test\CVAR\P1\000321_depth_modified.png 138.23 72.9676 537.652 153.348 60.8379 535.092 170.466 65.744 539.7 197.69 80.334 535.453 
C:\OpenARK_test\CVAR\P1\000322_depth_modified.png 137.352 73.5661 537.517 152.744 60.0446 533.699 169.554 65.2752 537.04 196.293 79.9841 533.747 
C:\OpenARK_test\CVAR\P1\000323_depth_modified.png 108.477 119.508 533.539 137.022 72.0483 540.951 152.753 60.7619 535.755 169.535 64.9394 540.619 196.52 79.9047 539.562 
C:\OpenARK_test\CVAR\P1\000324_depth_modified.png 137.281 72.2771 537.779 152.459 61.3963 536.717 168.94 65.9099 539.544 196.219 80.0304 539.925 
C:\OpenARK_test\CVAR\P1\000325_depth_modified.png 108.609 120.317 522.413 137.254 73.9914 540.38 152.608 61.0181 534.593 169.31 66.5449 539.818 196.412 80.7102 539.241 
C:\OpenARK_test\CVAR\P1\000326_depth_modified.png 137.301 73.4621 539.375 152.344 60.8315 537.191 169.379 65.0136 542.131 196.256 79.7168 539.721 
C:\OpenARK_test\CVAR\P1\000327_depth_modified.png 137.969 71.0948 535.798 153.003 58.8513 533.812 169.644 63.8452 536.835 196.956 78.0254 537.38 
C:\OpenARK_test\CVAR\P1\000328_depth_modified.png 137.086 69.1553 536.207 152.353 58.376 529.845 169.593 62.8624 537.389 196.512 77.4729 533.292 
C:\OpenARK_test\CVAR\P3\000000_depth_modified.png 45.5536 101.929 579.288 68.2104 92.1968 600.856 81.2035 88.8955 603.139 93.5902 99.7505 615.053 
C:\OpenARK_test\CVAR\P3\000001_depth_modified.png 45.5536 101.929 579.288 68.2104 92.1968 600.856 81.2035 88.8955 603.139 93.5902 99.7505 615.053 
C:\OpenARK_test\CVAR\P3\000002_depth_modified.png 46.5816 102.023 579.464 69.3407 92.2452 602.362 81.3914 88.8397 603.425 93.3206 97.9871 606.617 
C:\OpenARK_test\CVAR\P3\000003_depth_modified.png 47.357 104.132 593.549 69.546 92.952 607.838 80.4527 88.7876 602.723 92.0823 98.1346 609.927 
C:\OpenARK_test\CVAR\P3\000004_depth_modified.png 45.5325 105.038 593.75 66.874 92.8573 604.01 77.956 87.8612 599.289 88.7519 95.5746 602.119 
C:\OpenARK_test\CVAR\P3\000005_depth_modified.png 44.3507 104.991 588.458 66.4776 91.977 603.914 76.6744 87.0863 597.901 87.5737 94.8756 597.635 106.957 136.995 617.13 
C:\OpenARK_test\CVAR\P3\000006_depth_modified.png 43.686 104.841 592.571 65.6688 91.9675 604.939 76.6568 86.9133 601.141 87.0194 93.7403 603.917 
C:\OpenARK_test\CVAR\P3\000007_depth_modified.png 43.7487 104.799 593.226 65.7133 91.9184 603.02 76.4842 86.313 601.145 87.2475 93.9574 598.329 
C:\OpenARK_test\CVAR\P3\000008_depth_modified.png 44.5033 105.117 594.111 65.7995 91.6965 603.596 76.1566 86.9726 600.595 86.7864 94.1339 601.908 
C:\OpenARK_test\CVAR\P3\000009_depth_modified.png 44.1673 105.322 597.71 65.0485 90.6158 605.388 74.7678 86.0848 603.173 84.6938 92.8905 601.211 
C:\OpenARK_test\CVAR\P3\000010_depth_modified.png 41.9497 105.22 594.343 63.1921 89.1094 602.134 71.1759 84.406 599.165 81.4863 90.995 593.563 100.057 131.206 603.16 
C:\OpenARK_test\CVAR\P3\000011_depth_modified.png 69.0356 83.5146 597.839 79.7572 90.7395 595.1 96.9356 130.165 584.424 
C:\OpenARK_test\CVAR\P3\000012_depth_modified.png 68.781 82.4625 602.162 
C:\OpenARK_test\CVAR\P3\000013_depth_modified.png 67.2064 83.4485 600.814 
C:\OpenARK_test\CVAR\P3\000014_depth_modified.png 66.8257 86.3995 600.701 
C:\OpenARK_test\CVAR\P3\000015_depth_modified.png 75.7266 92.8356 596.056 
C:\OpenARK_test\CVAR\P3\000016_depth_modified.png 76.6505 93.3752 599.435 
C:\OpenARK_test\CVAR\P3\000017_depth_modified.png 71.5677 89.8927 608.329 
C:\OpenARK_test\CVAR\P3\000018_depth_modified.png 77.5157 94.1415 594.821 
C:\OpenARK_test\CVAR\P3\000019_depth_modified.png 69.3843 89.356 606.805 
C:\OpenARK_test\CVAR\P3\000020_depth_modified.png 68.8408 89.5315 610.324 
C:\OpenARK_test\CVAR\P3\000021_depth_modified.png 69.7817 89.4857 612.016 
C:\OpenARK_test\CVAR\P3\000022_depth_modified.png 70.7717 90.6728 611.237 
C:\OpenARK_test\CVAR\P3\000023_depth_modified.png 70.6524 90.5328 619.109 
C:\OpenARK_test\CVAR\P3\000024_depth_modified.png 71.046 91.4678 614.882 
C:\OpenARK_test\CVAR\P3\000025_depth_modified.png 71.1051 92.1627 622.971 
C:\OpenARK_test\CVAR\P3\000026_depth_modified.png 71.434 92.8321 618.169 
C:\OpenARK_test\CVAR\P3\000027_depth_modified.png 71.7358 93.3904 618.821 
C:\OpenARK_test\CVAR\P3\000028_depth_modified.png 71.5081 93.2327 620.099 
C:\OpenARK_test\CVAR\P3\000029_depth_modified.png 71.7194 92.3216 615.045 
C:\OpenARK_test\CVAR\P3\000030_depth_modified.png 71.4657 92.3465 618.423 
C:\OpenARK_test\CVAR\P3\000031_depth_modified.png 72.4503 92.2897 617.21 
C:\OpenARK_test\CVAR\P3\000032_depth_modified.png 73.0224 93.1524 620.515 
C:\OpenARK_test\CVAR\P3\000033_depth_modified.png 73.8703 93.8971 619.794 
C:\OpenARK_test\CVAR\P3\000034_depth_modified.png 75.0153 96.0473 626 
C:\OpenARK_test\CVAR\P3\000035_depth_modified.png 76.6973 96.9777 628.907 
C:\OpenARK_test\CVAR\P3\000036_depth_modified.png 77.464 97.5856 626.529 
C:\OpenARK_test\CVAR\P3\000037_depth_modified.png 77.9322 98.4903 620.221 
C:\OpenARK_test\CVAR\P3\000038_depth_modified.png 78.8822 99.4466 626.263 
C:\OpenARK_test\CVAR\P3\000039_depth_modified.png 79.6759 99.7063 622.174 
C:\OpenARK_test\CVAR\P3\000040_depth_modified.png 79.4064 99.6358 623.012 
C:\OpenARK_test\CVAR\P3\000041_depth_modified.png 80.1074 99.675 625.707 
C:\OpenARK_test\CVAR\P3\000042_depth_modified.png 79.9386 100.583 620.507 
C:\OpenARK_test\CVAR\P3\000043_depth_modified.png 79.9343 101.47 624.769 
C:\OpenARK_test\CVAR\P3\000044_depth_modified.png 79.9593 102.53 625.797 
C:\OpenARK_test\CVAR\P3\000045_depth_modified.png 80.2514 103.677 624.7 
C:\OpenARK_test\CVAR\P3\000046_depth_modified.png 79.78 104.245 624.405 
C:\OpenARK_test\CVAR\P3\000047_depth_modified.png 79.6671 104.19 624.595 
C:\OpenARK_test\CVAR\P3\000048_depth_modified.png 79.7714 104.323 628 
C:\OpenARK_test\CVAR\P3\000049_depth_modified.png 80.0547 104.818 631.707 
C:\OpenARK_test\CVAR\P3\000050_depth_modified.png 80.4152 105.51 633.958 
C:\OpenARK_test\CVAR\P3\000051_depth_modified.png 79.7307 106.353 630.474 
C:\OpenARK_test\CVAR\P3\000052_depth_modified.png 79.6945 106.274 633 
C:\OpenARK_test\CVAR\P3\000053_depth_modified.png 78.646 105.874 635.753 
C:\OpenARK_test\CVAR\P3\000054_depth_modified.png 77.8443 105.369 634.738 
C:\OpenARK_test\CVAR\P3\000055_depth_modified.png 77.0735 104.782 634.551 
C:\OpenARK_test\CVAR\P3\000056_depth_modified.png 77.0527 105.408 636.786 
C:\OpenARK_test\CVAR\P3\000057_depth_modified.png 77.9306 105.467 638.412 
C:\OpenARK_test\CVAR\P3\000058_depth_modified.png 78.0733 105.614 635.333 
C:\OpenARK_test\CVAR\P3\000059_depth_modified.png 78.2408 106.449 632.5 
C:\OpenARK_test\CVAR\P3\000060_depth_modified.png 79.5104 107.724 602.578 
C:\OpenARK_test\CVAR\P3\000061_depth_modified.png 80.3316 108.647 620.99 
C:\OpenARK_test\CVAR\P3\000062_depth_modified.png 83.562 109.451 622.537 
C:\OpenARK_test\CVAR\P3\000063_depth_modified.png 78.5425 101.692 610.278 
C:\OpenARK_test\CVAR\P3\000064_depth_modified.png 72.2999 95.7571 601.43 
C:\OpenARK_test\CVAR\P3\000065_depth_modified.png 69.1161 94.0536 604.725 
C:\OpenARK_test\CVAR\P3\000066_depth_modified.png 67.3128 94.9876 608.185 
C:\OpenARK_test\CVAR\P3\000067_depth_modified.png 64.5695 94.6704 604.735 
C:\OpenARK_test\CVAR\P3\000068_depth_modified.png 64.1622 94.0893 607.559 71.0928 103.794 638.386 
C:\OpenARK_test\CVAR\P3\000069_depth_modified.png 63.7791 94.4628 606.787 74.3638 105.931 643.205 
C:\OpenARK_test\CVAR\P3\000070_depth_modified.png 35.5905 93.0583 504.427 62.4857 93.9091 606.212 74.1283 104.672 641.173 
C:\OpenARK_test\CVAR\P3\000071_depth_modified.png 30.167 91.9114 505.907 62.172 93.7763 606.312 73.9732 104.462 641.903 73.83 115.213 647.5 
C:\OpenARK_test\CVAR\P3\000072_depth_modified.png 24.5103 90.9041 508.649 61.0767 93.3651 607.694 73.4756 103.485 642.744 
C:\OpenARK_test\CVAR\P3\000087_depth_modified.png 30.6958 84.0392 485.364 62.7404 85.7374 594.415 
C:\OpenARK_test\CVAR\P3\000088_depth_modified.png 61.1633 83.126 587.565 
C:\OpenARK_test\CVAR\P3\000089_depth_modified.png 61.9875 82.3671 585.874 
C:\OpenARK_test\CVAR\P3\000090_depth_modified.png 64.4315 81.7011 583.53 
C:\OpenARK_test\CVAR\P3\000091_depth_modified.png 65.1754 82.3162 582.356 
C:\OpenARK_test\CVAR\P3\000092_depth_modified.png 66.705 83.3256 582.623 
C:\OpenARK_test\CVAR\P3\000093_depth_modified.png 67.7078 84.2724 580.342 
C:\OpenARK_test\CVAR\P3\000094_depth_modified.png 53.8897 78.1081 587.439 67.781 84.4542 575.321 
C:\OpenARK_test\CVAR\P3\000095_depth_modified.png 53.1784 76.0539 581.433 68.645 85.1444 579.684 
C:\OpenARK_test\CVAR\P3\000096_depth_modified.png 24.1064 98.1582 567.21 42.4984 79.2934 573.509 51.0067 72.841 570.322 67.8138 84.1386 572.346 
C:\OpenARK_test\CVAR\P3\000097_depth_modified.png 20.0239 93.8701 555.767 40.4928 78.0982 562.38 51.0879 72.0345 559.6 67.6659 84.2292 568.563 
C:\OpenARK_test\CVAR\P3\000098_depth_modified.png 19.8572 93.8728 561.082 40.606 78.8899 565.09 52.5276 72.8416 568.016 68.7053 85.0804 570.35 
C:\OpenARK_test\CVAR\P3\000099_depth_modified.png 20.2387 92.8765 559.311 42.035 79.0707 561.489 54.3882 73.9321 562.42 70.8123 87.1332 572.298 
C:\OpenARK_test\CVAR\P3\000100_depth_modified.png 21.4858 91.509 553.087 43.8545 78.9064 556.337 57.7518 74.9678 559.576 74.2434 91.2363 574.886 
C:\OpenARK_test\CVAR\P3\000101_depth_modified.png 22.7759 90.7433 548.857 46.3709 79.0985 558.663 60.73 75.8664 562.704 77.2368 94.0474 578.86 
C:\OpenARK_test\CVAR\P3\000102_depth_modified.png 25.0639 91.8679 549.687 48.8238 81.1222 561.918 62.9426 77.908 562.652 79.6889 95.4396 581.286 
C:\OpenARK_test\CVAR\P3\000103_depth_modified.png 26.7494 93.7441 548.129 51.7632 82.4095 566.382 63.842 79.8401 566.192 80.878 97.9757 585.053 
C:\OpenARK_test\CVAR\P3\000104_depth_modified.png 31.8616 96.951 567.403 55.2899 85.3639 567.925 66.1953 82.7496 566.647 82.3367 100.326 582.57 
C:\OpenARK_test\CVAR\P3\000105_depth_modified.png 37.4147 99.2965 569.9 59.8258 87.2891 570.433 70.4961 85.0339 570.635 84.8071 101.843 583.027 
C:\OpenARK_test\CVAR\P3\000106_depth_modified.png 73.3725 88.5098 576.114 86.3183 104.523 584.624 
C:\OpenARK_test\CVAR\P3\000107_depth_modified.png 72.8055 89.0206 581.506 84.5774 102.276 579.658 
C:\OpenARK_test\CVAR\P3\000108_depth_modified.png 72.1134 87.5433 579.115 83.1793 100.302 576.8 
C:\OpenARK_test\CVAR\P3\000109_depth_modified.png 71.7354 85.8736 578.421 
C:\OpenARK_test\CVAR\P3\000110_depth_modified.png 71.9226 85.4226 575.963 83.3323 97.4749 573.123 
C:\OpenARK_test\CVAR\P3\000111_depth_modified.png 71.7051 84.4119 576.623 
C:\OpenARK_test\CVAR\P3\000112_depth_modified.png 72.8429 85.0817 578.952 83.4563 96.3821 568.411 
C:\OpenARK_test\CVAR\P3\000113_depth_modified.png 71.6684 84.3638 579.543 
C:\OpenARK_test\CVAR\P3\000114_depth_modified.png 70.7706 84.856 584.139 
C:\OpenARK_test\CVAR\P3\000115_depth_modified.png 69.7418 87.7452 587.073 
C:\OpenARK_test\CVAR\P3\000116_depth_modified.png 66.4725 88.7193 592.095 
C:\OpenARK_test\CVAR\P3\000117_depth_modified.png 67.0028 91.4553 597.734 
C:\OpenARK_test\CVAR\P3\000118_depth_modified.png 68.2139 94.0392 604.055 
C:\OpenARK_test\CVAR\P3\000119_depth_modified.png 68.834 95.9206 615.929 
C:\OpenARK_test\CVAR\P3\000120_depth_modified.png 70.6601 97.8044 618.109 
C:\OpenARK_test\CVAR\P3\000121_depth_modified.png 71.3787 98.5473 618.475 
C:\OpenARK_test\CVAR\P3\000122_depth_modified.png 71.2435 97.5449 615.867 
C:\OpenARK_test\CVAR\P3\000123_depth_modified.png 71.6826 95.841 617.365 
C:\OpenARK_test\CVAR\P3\000124_depth_modified.png 71.918 94.9229 611.366 
C:\OpenARK_test\CVAR\P3\000125_depth_modified.png 71.8664 94.9005 615.358 
C:\OpenARK_test\CVAR\P3\000126_depth_modified.png 70.7608 94.0189 611.25 
C:\OpenARK_test\CVAR\P3\000127_depth_modified.png 69.7497 92.9508 607.768 
C:\OpenARK_test\CVAR\P3\000128_depth_modified.png 68.649 91.7736 604.844 
C:\OpenARK_test\CVAR\P3\000129_depth_modified.png 68.0363 91.0266 604.225 
C:\OpenARK_test\CVAR\P3\000130_depth_modified.png 67.7663 90.8636 605.869 
C:\OpenARK_test\CVAR\P3\000131_depth_modified.png 67.5008 90.6413 605.309 
C:\OpenARK_test\CVAR\P3\000132_depth_modified.png 67.4296 89.8231 603.432 
C:\OpenARK_test\CVAR\P3\000133_depth_modified.png 67.2271 89.6189 606.781 
C:\OpenARK_test\CVAR\P3\000134_depth_modified.png 67.2019 89.6729 602.325 
C:\OpenARK_test\CVAR\P3\000135_depth_modified.png 67.1579 89.6321 601.228 
C:\OpenARK_test\CVAR\P3\000136_depth_modified.png 67.4372 88.8775 602.718 
C:\OpenARK_test\CVAR\P3\000137_depth_modified.png 67.3519 88.732 604.762 
C:\OpenARK_test\CVAR\P3\000138_depth_modified.png 67.3918 88.4278 603.027 
C:\OpenARK_test\CVAR\P3\000139_depth_modified.png 66.337 87.6965 602.8 
C:\OpenARK_test\CVAR\P3\000140_depth_modified.png 65.0728 87.1275 599.725 
C:\OpenARK_test\CVAR\P3\000141_depth_modified.png 64.3892 86.5597 596.191 
C:\OpenARK_test\CVAR\P3\000142_depth_modified.png 63.3021 85.5689 596.584 
C:\OpenARK_test\CVAR\P3\000143_depth_modified.png 62.0581 84.4228 597.317 
C:\OpenARK_test\CVAR\P3\000144_depth_modified.png 61.114 83.4556 596.402 
C:\OpenARK_test\CVAR\P3\000145_depth_modified.png 60.505 82.8379 594.543 
C:\OpenARK_test\CVAR\P3\000146_depth_modified.png 59.835 82.827 594.262 
C:\OpenARK_test\CVAR\P3\000147_depth_modified.png 60.3825 82.8281 593.741 
C:\OpenARK_test\CVAR\P3\000148_depth_modified.png 60.3203 82.7156 592.854 
C:\OpenARK_test\CVAR\P3\000149_depth_modified.png 59.8448 82.5021 595.926 
C:\OpenARK_test\CVAR\P3\000150_depth_modified.png 59.5621 82.622 595.08 
C:\OpenARK_test\CVAR\P3\000151_depth_modified.png 58.6499 82.7659 592.798 
C:\OpenARK_test\CVAR\P3\000152_depth_modified.png 57.8845 83.3751 590.326 
C:\OpenARK_test\CVAR\P3\000153_depth_modified.png 57.2878 83.5394 595.313 
C:\OpenARK_test\CVAR\P3\000154_depth_modified.png 55.6693 83.7032 591.774 
C:\OpenARK_test\CVAR\P3\000155_depth_modified.png 54.9614 83.4373 593.747 
C:\OpenARK_test\CVAR\P3\000156_depth_modified.png 53.09 83.4161 589.353 
C:\OpenARK_test\CVAR\P3\000157_depth_modified.png 52.9585 83.4289 592.699 
C:\OpenARK_test\CVAR\P3\000158_depth_modified.png 52.2473 82.7269 584.646 
C:\OpenARK_test\CVAR\P3\000159_depth_modified.png 51.2822 82.4611 586.955 
C:\OpenARK_test\CVAR\P3\000160_depth_modified.png 50.7097 81.9342 589.109 
C:\OpenARK_test\CVAR\P3\000161_depth_modified.png 50.231 81.5668 585.163 
C:\OpenARK_test\CVAR\P3\000162_depth_modified.png 48.8772 81.0074 584.146 
C:\OpenARK_test\CVAR\P3\000163_depth_modified.png 275.608 128.379 131.538 
C:\OpenARK_test\CVAR\P3\000165_depth_modified.png 48.1206 80.5019 584.573 
C:\OpenARK_test\CVAR\P3\000166_depth_modified.png 48.4997 79.8291 586.481 
C:\OpenARK_test\CVAR\P3\000168_depth_modified.png 49.9571 78.4403 579.711 
C:\OpenARK_test\CVAR\P3\000169_depth_modified.png 52.0561 80.0881 576.591 
C:\OpenARK_test\CVAR\P3\000170_depth_modified.png 51.2346 81.3203 568.22 
C:\OpenARK_test\CVAR\P3\000171_depth_modified.png 50.2276 81.246 560.632 
C:\OpenARK_test\CVAR\P3\000172_depth_modified.png 47.6868 81.0772 550.063 
C:\OpenARK_test\CVAR\P3\000173_depth_modified.png 47.5182 80.1508 548.636 
C:\OpenARK_test\CVAR\P3\000174_depth_modified.png 46.0894 78.4357 546.795 
C:\OpenARK_test\CVAR\P3\000176_depth_modified.png 47.1991 78.8653 545.832 
C:\OpenARK_test\CVAR\P3\000185_depth_modified.png 58.7644 78.1962 550.541 
C:\OpenARK_test\CVAR\P3\000186_depth_modified.png 54.8852 75.3445 547.393 
C:\OpenARK_test\CVAR\P3\000187_depth_modified.png 49.5093 71.8491 544.18 
C:\OpenARK_test\CVAR\P3\000188_depth_modified.png 45.1885 70.0908 545.986 
C:\OpenARK_test\CVAR\P3\000189_depth_modified.png 41.5811 70.1379 545.15 
C:\OpenARK_test\CVAR\P3\000190_depth_modified.png 40.2845 71.1035 542.524 
C:\OpenARK_test\CVAR\P3\000191_depth_modified.png 40.8789 72.1196 547.684 
C:\OpenARK_test\CVAR\P3\000192_depth_modified.png 41.0579 71.1287 542.786 
C:\OpenARK_test\CVAR\P3\000193_depth_modified.png 43.0961 70.9734 542.569 
C:\OpenARK_test\CVAR\P3\000194_depth_modified.png 45.198 70.9637 539.788 
C:\OpenARK_test\CVAR\P3\000195_depth_modified.png 46.1987 72.0982 538.809 
C:\OpenARK_test\CVAR\P3\000196_depth_modified.png 47.1461 71.3805 540.984 
C:\OpenARK_test\CVAR\P3\000197_depth_modified.png 48.3668 70.9673 535.014 
C:\OpenARK_test\CVAR\P3\000198_depth_modified.png 51.569 69.1327 534.384 
C:\OpenARK_test\CVAR\P3\000199_depth_modified.png 52.5055 66.2228 529.687 
C:\OpenARK_test\CVAR\P3\000200_depth_modified.png 50.2751 63.9229 519.118 
C:\OpenARK_test\CVAR\P3\000201_depth_modified.png 46.2249 61.0495 510.281 
C:\OpenARK_test\CVAR\P3\000202_depth_modified.png 43.6784 60.0968 501.444 
C:\OpenARK_test\CVAR\P3\000203_depth_modified.png 42.8358 59.9614 500.642 
C:\OpenARK_test\CVAR\P3\000204_depth_modified.png 42.2982 60.8102 502.662 
C:\OpenARK_test\CVAR\P3\000205_depth_modified.png 43.8978 63.0826 504.803 
C:\OpenARK_test\CVAR\P3\000206_depth_modified.png 44.6705 65.1215 501.121 
C:\OpenARK_test\CVAR\P3\000207_depth_modified.png 45.8799 65.9293 503.732 
C:\OpenARK_test\CVAR\P3\000208_depth_modified.png 46.8293 65.9734 500.857 
C:\OpenARK_test\CVAR\P3\000209_depth_modified.png 47.1448 65.9599 498.164 
C:\OpenARK_test\CVAR\P3\000210_depth_modified.png 262.769 128.037 103.75 
C:\OpenARK_test\CVAR\P3\000211_depth_modified.png 271.315 126.993 108.455 
C:\OpenARK_test\CVAR\P3\000212_depth_modified.png 55.2481 70.854 496.728 
C:\OpenARK_test\CVAR\P3\000213_depth_modified.png 59.8458 72.1999 494.288 
C:\OpenARK_test\CVAR\P3\000214_depth_modified.png 64.3684 72.7631 499.077 
C:\OpenARK_test\CVAR\P3\000215_depth_modified.png 68.2514 73.8167 498.241 
C:\OpenARK_test\CVAR\P3\000216_depth_modified.png 71.1749 73.0687 500.789 
C:\OpenARK_test\CVAR\P3\000217_depth_modified.png 74.7573 72.8748 507.013 
C:\OpenARK_test\CVAR\P3\000218_depth_modified.png 77.0542 73.104 507.567 
C:\OpenARK_test\CVAR\P3\000219_depth_modified.png 78.9265 73.982 508.986 
C:\OpenARK_test\CVAR\P3\000220_depth_modified.png 79.3723 76.815 511.803 
C:\OpenARK_test\CVAR\P3\000221_depth_modified.png 81.0543 77.0278 517.288 
C:\OpenARK_test\CVAR\P3\000222_depth_modified.png 80.9468 75.8231 510.455 
C:\OpenARK_test\CVAR\P3\000223_depth_modified.png 80.5819 73.8727 503.716 
C:\OpenARK_test\CVAR\P3\000224_depth_modified.png 82.2624 72.9441 506.307 
C:\OpenARK_test\CVAR\P3\000225_depth_modified.png 83.9357 74.7929 509.949 
C:\OpenARK_test\CVAR\P3\000226_depth_modified.png 83.8869 76.8189 520.107 
C:\OpenARK_test\CVAR\P3\000227_depth_modified.png 85.9718 78.9574 529.029 
C:\OpenARK_test\CVAR\P3\000228_depth_modified.png 86.2687 79.8264 537.473 
C:\OpenARK_test\CVAR\P3\000229_depth_modified.png 87.8023 81.0409 542.435 
C:\OpenARK_test\CVAR\P3\000230_depth_modified.png 87.0206 81.7574 547.42 
C:\OpenARK_test\CVAR\P3\000231_depth_modified.png 93.5499 84.9466 558.176 
C:\OpenARK_test\CVAR\P3\000232_depth_modified.png 100.334 86.9474 563.086 
C:\OpenARK_test\CVAR\P3\000233_depth_modified.png 104.048 87.8907 566.623 
C:\OpenARK_test\CVAR\P3\000234_depth_modified.png 105.281 88.4687 575.375 
C:\OpenARK_test\CVAR\P3\000235_depth_modified.png 103.143 87.8216 575.807 
C:\OpenARK_test\CVAR\P3\000236_depth_modified.png 100.719 86.591 566.177 
C:\OpenARK_test\CVAR\P3\000237_depth_modified.png 104.989 86.8804 570.21 
C:\OpenARK_test\CVAR\P3\000238_depth_modified.png 106.693 87.0546 572.266 
C:\OpenARK_test\CVAR\P3\000239_depth_modified.png 107.263 86.572 572.311 
C:\OpenARK_test\CVAR\P3\000240_depth_modified.png 107.712 86.6481 575.023 
C:\OpenARK_test\CVAR\P3\000241_depth_modified.png 107.324 86.0555 574 
C:\OpenARK_test\CVAR\P3\000242_depth_modified.png 109.328 87.1885 578.553 
C:\OpenARK_test\CVAR\P3\000243_depth_modified.png 81.4645 104.444 584.261 110.199 87.1208 578.737 
C:\OpenARK_test\CVAR\P3\000244_depth_modified.png 110.316 86.6947 574.705 
C:\OpenARK_test\CVAR\P3\000245_depth_modified.png 110.048 85.2888 576.737 
C:\OpenARK_test\CVAR\P3\000246_depth_modified.png 109.153 84.6655 578.222 
C:\OpenARK_test\CVAR\P3\000247_depth_modified.png 108.604 84.1663 576.908 
C:\OpenARK_test\CVAR\P3\000248_depth_modified.png 108.929 86.0122 580.108 
C:\OpenARK_test\CVAR\P3\000249_depth_modified.png 110.31 89.0321 582.394 
C:\OpenARK_test\CVAR\P3\000250_depth_modified.png 96.4682 92.8331 592.688 109.523 90.3323 586.482 
C:\OpenARK_test\CVAR\P3\000251_depth_modified.png 98.5205 90.1046 595.463 109.942 92.254 586.593 
C:\OpenARK_test\CVAR\P3\000252_depth_modified.png 96.646 88.1373 594.763 109.251 92.3479 591.039 
C:\OpenARK_test\CVAR\P3\000253_depth_modified.png 91.9322 85.0346 593.25 107.941 93.5915 592.713 
C:\OpenARK_test\CVAR\P3\000254_depth_modified.png 89.2742 84.0046 588.605 106.75 93.9431 592.94 
C:\OpenARK_test\CVAR\P3\000255_depth_modified.png 85.707 83.7925 582.127 105.403 93.216 596.373 
C:\OpenARK_test\CVAR\P3\000256_depth_modified.png 80.9165 82.8513 577.568 103.222 92.9241 597.704 
C:\OpenARK_test\CVAR\P3\000257_depth_modified.png 102.53 93.0146 598.183 
C:\OpenARK_test\CVAR\P3\000258_depth_modified.png 101.001 92.197 594.053 
C:\OpenARK_test\CVAR\P3\000259_depth_modified.png 99.8987 91.7729 594.071 
C:\OpenARK_test\CVAR\P3\000260_depth_modified.png 98.4491 91.3222 591.289 
C:\OpenARK_test\CVAR\P3\000261_depth_modified.png 97.7821 90.7055 593.344 
C:\OpenARK_test\CVAR\P3\000262_depth_modified.png 97.3213 90.6473 592.452 
C:\OpenARK_test\CVAR\P3\000263_depth_modified.png 96.8136 91.1825 595.602 
C:\OpenARK_test\CVAR\P3\000264_depth_modified.png 96.6568 89.9554 592.167 
C:\OpenARK_test\CVAR\P3\000265_depth_modified.png 96.9683 90.5349 600.218 
C:\OpenARK_test\CVAR\P3\000266_depth_modified.png 97.5574 90.9933 602.386 
C:\OpenARK_test\CVAR\P3\000267_depth_modified.png 97.4701 91.3022 599.847 
C:\OpenARK_test\CVAR\P3\000268_depth_modified.png 96.9219 90.927 597.187 
C:\OpenARK_test\CVAR\P3\000269_depth_modified.png 96.4187 90.9431 594.182 
C:\OpenARK_test\CVAR\P3\000270_depth_modified.png 96.7659 90.8902 603.655 
C:\OpenARK_test\CVAR\P3\000271_depth_modified.png 69.0545 78.832 563.482 
C:\OpenARK_test\CVAR\P3\000272_depth_modified.png 61.0166 85.8046 574.077 74.2142 79.1215 570.343 98.2684 92.5581 609.864 
C:\OpenARK_test\CVAR\P3\000273_depth_modified.png 60.676 85.0207 571.446 76.4364 79.8976 575.12 98.9768 93.0258 616.687 
C:\OpenARK_test\CVAR\P3\000274_depth_modified.png 61.0857 84.8447 572.986 77.7955 80.8066 580.375 98.908 93.0213 606.392 
C:\OpenARK_test\CVAR\P3\000275_depth_modified.png 61.8033 84.6657 574.538 78.4675 80.7235 581.299 99.807 93.7729 609.476 
C:\OpenARK_test\CVAR\P3\000276_depth_modified.png 62.7452 84.6798 573.392 79.2616 80.6908 580.302 100.382 92.9746 611.377 
C:\OpenARK_test\CVAR\P3\000277_depth_modified.png 62.8172 84.6593 571.468 78.8992 79.8535 577.819 100.414 93.0677 607 
C:\OpenARK_test\CVAR\P3\000278_depth_modified.png 62.4876 83.9001 574.115 78.2752 79.7771 579.876 99.4125 92.7766 606.454 100.613 96.9886 629.727 
C:\OpenARK_test\CVAR\P3\000279_depth_modified.png 62.5552 83.6106 574.525 78.2248 79.0332 576.8 99.5096 92.0365 606.506 
C:\OpenARK_test\CVAR\P3\000280_depth_modified.png 63.1005 82.9046 569.848 77.5508 78.7559 576.202 99.0647 90.109 603.368 
C:\OpenARK_test\CVAR\P3\000281_depth_modified.png 62.8051 82.7633 568.782 77.1987 77.9488 576.442 98.9953 90.2063 602.988 
C:\OpenARK_test\CVAR\P3\000282_depth_modified.png 63.04 82.7289 570.625 76.5141 78.0484 570.854 98.5234 90.3599 596.8 
C:\OpenARK_test\CVAR\P3\000283_depth_modified.png 44.5691 101.054 576.569 63.5913 83.5446 571.718 77.6073 78.4783 572.446 98.5945 90.7416 599.079 
C:\OpenARK_test\CVAR\P3\000284_depth_modified.png 42.2207 100.656 570.013 64.0945 83.8031 571.221 77.2474 78.6424 572.605 98.4366 90.8087 599.048 
C:\OpenARK_test\CVAR\P3\000285_depth_modified.png 38.9025 98.8756 560.93 64.5267 82.9439 569.281 76.1916 78.1573 573.243 98.3094 90.2693 605.808 98.5437 95.8268 618.609 
C:\OpenARK_test\CVAR\P3\000286_depth_modified.png 37.7731 98.1179 557.588 63.6002 82.8927 567.135 74.8482 78.1951 568.53 97.9191 90.2505 597.438 98.2343 102.172 657.936 
C:\OpenARK_test\CVAR\P3\000287_depth_modified.png 36.7272 98.7453 553.689 63.3481 83.0526 565.91 75.883 78.7002 568 97.4703 90.7555 596.549 
C:\OpenARK_test\CVAR\P3\000288_depth_modified.png 35.534 98.0582 550.927 62.6184 82.9447 562.898 74.5582 78.1656 567.553 97.5865 90.8215 600.46 97.5301 101.113 642.934 
C:\OpenARK_test\CVAR\P3\000289_depth_modified.png 35.6741 98.6834 551.139 62.3775 82.8651 559.129 75.0565 78.7531 567.61 97.6996 91.028 598.721 98.8402 94.7288 612.74 
C:\OpenARK_test\CVAR\P3\000290_depth_modified.png 36.4323 98.908 554.083 62.73 83.6613 560.674 75.6201 78.785 565.526 97.955 91.1109 601.807 97.8297 103.183 655.476 
C:\OpenARK_test\CVAR\P3\000291_depth_modified.png 36.8548 98.877 550.863 63.3011 83.8757 567.756 75.992 78.7932 569.558 98.234 91.5825 602.908 99.3004 95.0784 618.206 
C:\OpenARK_test\CVAR\P3\000292_depth_modified.png 37.398 98.8133 551.324 65.3016 83.0628 564.583 76.1217 78.7705 569.385 98.5555 91.1017 594.318 99.9187 95.5744 618.916 
C:\OpenARK_test\CVAR\P3\000293_depth_modified.png 37.8443 98.8472 553.903 64.618 83.779 565.214 76.3022 78.7566 564.962 98.7083 90.914 599.135 100.134 95.7984 624.918 
C:\OpenARK_test\CVAR\P3\000294_depth_modified.png 38.3185 98.8684 558.68 64.4639 83.7657 567.72 76.309 78.5499 567.763 98.9836 91.2226 598.953 100.868 95.4272 627.288 
C:\OpenARK_test\CVAR\P3\000295_depth_modified.png 37.9773 98.8276 554.222 64.7196 83.6372 562.669 75.7239 78.4042 563.388 98.3889 92.4952 597.139 
C:\OpenARK_test\CVAR\P3\000296_depth_modified.png 37.4652 100.403 551.927 64.0626 83.4622 565.265 73.5955 78.6 562.546 96.6779 91.411 593.315 
C:\OpenARK_test\CVAR\P3\000297_depth_modified.png 36.1481 100.637 555.934 63.1715 83.3627 565.871 72.1677 78.1067 564.473 94.3627 89.1496 591.91 95.1946 92.1629 599.034 
C:\OpenARK_test\CVAR\P3\000298_depth_modified.png 34.9689 100.606 554.558 61.3945 83.2266 566.526 70.1737 77.8367 563.075 92.718 90.3552 597.92 
C:\OpenARK_test\CVAR\P3\000299_depth_modified.png 33.3134 99.7934 554.549 59.3439 83.0746 563.264 68.0426 77.0241 560.333 90.0184 87.2032 584.973 91.2543 90.9716 602.992 
C:\OpenARK_test\CVAR\P3\000301_depth_modified.png 31.5172 101.482 557.291 57.3734 83.1504 566.051 65.7094 77.9015 559.818 87.7255 89.2923 587.223 
C:\OpenARK_test\CVAR\P3\000302_depth_modified.png 31.2106 102.347 556.861 56.5112 84.1465 567.203 64.9133 78.1426 562.528 86.3733 89.1499 584.991 
C:\OpenARK_test\CVAR\P3\000304_depth_modified.png 29.556 102.782 560.822 54.5441 85.0337 565.744 63.4567 79.0084 561.203 84.6942 89.5369 588.314 
C:\OpenARK_test\CVAR\P3\000305_depth_modified.png 30.0412 102.804 561.919 55.6162 84.8786 566.607 63.5638 78.9342 561.416 84.9382 89.9924 581.366 
C:\OpenARK_test\CVAR\P3\000308_depth_modified.png 35.3353 105.071 568.781 59.7203 86.3154 571.701 65.7056 81.229 569.527 87.2404 91.3947 587.664 
C:\OpenARK_test\CVAR\P3\000310_depth_modified.png 38.2863 106.834 577.778 60.9897 86.9621 573.042 66.0486 82.1205 571.731 86.64 89.2357 580.91 
C:\OpenARK_test\CVAR\P3\000311_depth_modified.png 38.3068 106.9 576.455 61.0481 86.9669 574.092 66.0927 82.1791 569.474 86.6839 89.827 582.107 
C:\OpenARK_test\CVAR\P3\000312_depth_modified.png 37.921 106.817 575.111 65.6495 82.301 572.447 86.5402 89.9873 577.811 
C:\OpenARK_test\CVAR\P3\000313_depth_modified.png 37.9201 106.815 581.561 65.7423 82.3156 571.86 86.1311 89.906 585 
C:\OpenARK_test\CVAR\P3\000314_depth_modified.png 41.2278 108.908 575.842 61.6295 90.8317 583.44 70.4312 85.2955 583.637 83.7545 88.9366 575.649 
C:\OpenARK_test\CVAR\P3\000315_depth_modified.png 80.7553 88.1052 578.673 
C:\OpenARK_test\CVAR\P3\000316_depth_modified.png 80.8316 87.7357 565.608 
C:\OpenARK_test\CVAR\P3\000317_depth_modified.png 80.1229 86.8818 561.472 
C:\OpenARK_test\CVAR\P3\000318_depth_modified.png 79.5122 86.0979 561.288 
C:\OpenARK_test\CVAR\P3\000319_depth_modified.png 77.1341 85.6966 559.583 
C:\OpenARK_test\CVAR\P3\000320_depth_modified.png 77 85.1793 560.308 
C:\OpenARK_test\CVAR\P3\000321_depth_modified.png 75.4406 85.0509 556.806 
C:\OpenARK_test\CVAR\P3\000322_depth_modified.png 72.9652 84.9131 559.194 
C:\OpenARK_test\CVAR\P3\000323_depth_modified.png 71.1024 84.8854 559.333 
C:\OpenARK_test\CVAR\P3\000324_depth_modified.png 70.7127 84.9331 561.831 
C:\OpenARK_test\CVAR\P3\000325_depth_modified.png 68.4964 84.9404 562.61 
C:\OpenARK_test\CVAR\P3\000326_depth_modified.png 66.7739 86.9635 567.238 
C:\OpenARK_test\CVAR\P3\000327_depth_modified.png 63.9311 87.9111 568.297 
C:\OpenARK_test\CVAR\P3\000328_depth_modified.png 61.7438 88.1621 567.8 
C:\OpenARK_test\CVAR\P3\000329_depth_modified.png 61.3031 88.0797 569.375 
C:\OpenARK_test\CVAR\P3\000330_depth_modified.png 60.1995 90.1061 572.85 
C:\OpenARK_test\CVAR\P3\000331_depth_modified.png 60.3391 92.3448 577.981 
C:\OpenARK_test\CVAR\P3\000332_depth_modified.png 60.1118 94.0387 575.875 
C:\OpenARK_test\CVAR\P3\000333_depth_modified.png 59.8923 94.099 579.895 
C:\OpenARK_test\CVAR\P3\000334_depth_modified.png 58.8221 94.0635 577.211 
C:\OpenARK_test\CVAR\P3\000335_depth_modified.png 58.9728 94.0337 577.193 
C:\OpenARK_test\CVAR\P3\000336_depth_modified.png 59.462 94.3395 575.196 
C:\OpenARK_test\CVAR\P3\000337_depth_modified.png 59.9716 94.1895 579.519 
C:\OpenARK_test\CVAR\P3\000338_depth_modified.png 60.3298 94.1948 578.773 
C:\OpenARK_test\CVAR\P3\000339_depth_modified.png 59.847 94.0191 578.933 
C:\OpenARK_test\CVAR\P3\000340_depth_modified.png 59.5952 93.0538 572.22 
C:\OpenARK_test\CVAR\P3\000341_depth_modified.png 59.6607 93.0726 574.586 
C:\OpenARK_test\CVAR\P3\000342_depth_modified.png 59.4329 93.0707 576.119 
C:\OpenARK_test\CVAR\P3\000343_depth_modified.png 59.7149 91.9919 570.121 
C:\OpenARK_test\CVAR\P3\000344_depth_modified.png 60.7787 90.141 570.339 
C:\OpenARK_test\CVAR\P3\000345_depth_modified.png 61.2347 89.0989 567.172 
C:\OpenARK_test\CVAR\P3\000346_depth_modified.png 62.8527 88.2386 564.453 
C:\OpenARK_test\CVAR\P3\000347_depth_modified.png 63.3049 89.3067 562.035 
C:\OpenARK_test\CVAR\P5\000167_depth_modified.png 281.804 67.6986 731.139 
C:\OpenARK_test\CVAR\P5\000224_depth_modified.png 278.437 64.408 728.345 
C:\OpenARK_test\CVAR\P5\000271_depth_modified.png 277.112 74.6694 747.992 
C:\OpenARK_test\CVAR\P5\000279_depth_modified.png 275.374 73.2581 750.384 
C:\OpenARK_test\CVAR\P6\000016_depth_modified.png 303.374 77.6462 700.441 
C:\OpenARK_test\CVAR\P6\000017_depth_modified.png 303.254 78.0922 698.622 
C:\OpenARK_test\CVAR\P6\000086_depth_modified.png 301.672 83.2618 707.071 
C:\OpenARK_test\CVAR\P6\000087_depth_modified.png 300.662 82.3512 702.483 
C:\OpenARK_test\CVAR\P6\000088_depth_modified.png 301.97 82.5847 709.756 
C:\OpenARK_test\CVAR\P6\000090_depth_modified.png 301.664 82.9299 710.455 
C:\OpenARK_test\CVAR\P6\000091_depth_modified.png 300.669 82.5968 710.71 
C:\OpenARK_test\CVAR\P6\000092_depth_modified.png 299.768 82.0798 705.88 
C:\OpenARK_test\CVAR\P6\000093_depth_modified.png 299.596 82.8352 712.633 
C:\OpenARK_test\CVAR\P6\000094_depth_modified.png 301.186 81.8089 703.107 
C:\OpenARK_test\CVAR\P6\000095_depth_modified.png 300.553 82.3257 710.034 
C:\OpenARK_test\CVAR\P6\000097_depth_modified.png 300.522 82.4775 705.137 
C:\OpenARK_test\CVAR\P6\000098_depth_modified.png 300.744 81.774 705.609 
C:\OpenARK_test\CVAR\P6\000099_depth_modified.png 301.403 81.8716 710.159 
C:\OpenARK_test\CVAR\P6\000100_depth_modified.png 300.684 82.2736 707.239 
C:\OpenARK_test\CVAR\P6\000101_depth_modified.png 300.009 82.0784 709.865 
C:\OpenARK_test\CVAR\P6\000102_depth_modified.png 300.908 81.6446 707.644 
C:\OpenARK_test\CVAR\P6\000103_depth_modified.png 302.666 82.5352 707.314 
C:\OpenARK_test\CVAR\P6\000167_depth_modified.png 304.196 84.7331 710.777 
C:\OpenARK_test\CVAR\P6\000170_depth_modified.png 303.993 82.8662 710.567 
C:\OpenARK_test\CVAR\P6\000171_depth_modified.png 304.048 82.4256 703.779 
C:\OpenARK_test\CVAR\P6\000172_depth_modified.png 303.68 82.7429 707.462 
C:\OpenARK_test\CVAR\P6\000189_depth_modified.png 304.155 82.1561 700.784 
C:\OpenARK_test\CVAR\P6\000190_depth_modified.png 304.771 82.4446 707.938 
C:\OpenARK_test\CVAR\P6\000191_depth_modified.png 304.821 82.4827 704.51 
C:\OpenARK_test\CVAR\P6\000200_depth_modified.png 306.744 83.0908 702.648 
C:\OpenARK_test\CVAR\P6\000207_depth_modified.png 304.722 83.5893 704.702 
C:\OpenARK_test\CVAR\P6\000231_depth_modified.png 301.897 80.0683 704.292 
C:\OpenARK_test\CVAR\P6\000268_depth_modified.png 303.856 81.7816 704.337 
C:\OpenARK_test\CVAR\P6\000269_depth_modified.png 303.974 81.3023 704.782 
C:\OpenARK_test\CVAR\P6\000270_depth_modified.png 303.389 80.9701 705.612 
C:\OpenARK_test\CVAR\P6\000282_depth_modified.png 303.869 83.2075 706.194 
C:\OpenARK_test\CVAR\P6\000367_depth_modified.png 306.288 83.8837 708.172 
C:\OpenARK_test\CVAR\P6\000369_depth_modified.png 306.024 83.2847 697.623 
C:\OpenARK_test\CVAR\P6\000372_depth_modified.png 258.113 81.4011 761.195 
C:\OpenARK_test\CVAR\P6\000379_depth_modified.png 306.269 83.147 700.875 
C:\OpenARK_test\CVAR\P6\000382_depth_modified.png 306.713 82.6132 699.73 
C:\OpenARK_test\CVAR\P6\000384_depth_modified.png 258.934 81.3561 769.224 
C:\OpenARK_test\CVAR\P6\000386_depth_modified.png 305.869 84.6247 701.896 
C:\OpenARK_test\CVAR\P6\000387_depth_modified.png 258.782 81.4356 765.968 
C:\OpenARK_test\CVAR\P6\000388_depth_modified.png 305.967 83.8851 709.406 
C:\OpenARK_test\CVAR\P6\000389_depth_modified.png 258.269 82.5236 767.789 
C:\OpenARK_test\CVAR\P6\000391_depth_modified.png 306.136 83.5551 698.464 
C:\OpenARK_test\CVAR\P6\000392_depth_modified.png 306.688 83.4862 696.33 
C:\OpenARK_test\CVAR\P6\000395_depth_modified.png 305.826 83.0179 699.443 
C:\OpenARK_test\CVAR\P6\000396_depth_modified.png 306.741 83.8715 699.66 
C:\OpenARK_test\CVAR\P6\000397_depth_modified.png 259.791 82.2203 766.827 
C:\OpenARK_test\CVAR\P6\000407_depth_modified.png 261.081 81.5513 765.229 
C:\OpenARK_test\CVAR\P6\000414_depth_modified.png 308.07 83.9814 695 
C:\OpenARK_test\CVAR\P6\000415_depth_modified.png 307.947 84.055 696.699 
C:\OpenARK_test\CVAR\P6\000416_depth_modified.png 308.647 83.6633 696.871 
C:\OpenARK_test\CVAR\P6\000417_depth_modified.png 307.307 83.6388 700.068 
C:\OpenARK_test\CVAR\P6\000418_depth_modified.png 308.168 84.0699 701.226 
C:\OpenARK_test\CVAR\P6\000419_depth_modified.png 308.193 83.7404 701.375 
C:\OpenARK_test\CVAR\P6\000420_depth_modified.png 307.357 83.8026 698.564 
C:\OpenARK_test\CVAR\P6\000421_depth_modified.png 308.548 83.1217 696.563 
C:\OpenARK_test\CVAR\P6\000422_depth_modified.png 308.155 82.4561 693.569 
C:\OpenARK_test\CVAR\P6\000423_depth_modified.png 306.991 83.6333 698.727 
C:\OpenARK_test\CVAR\P6\000424_depth_modified.png 307.109 82.4898 692.63 
C:\OpenARK_test\CVAR\P6\000425_depth_modified.png 259.15 81.7782 766.614 
C:\OpenARK_test\CVAR\P6\000427_depth_modified.png 306.94 84.3997 699.566 
C:\OpenARK_test\CVAR\P6\000429_depth_modified.png 259.101 81.8662 766.383 
C:\OpenARK_test\CVAR\P6\000430_depth_modified.png 257.415 82.465 774.982 
C:\OpenARK_test\CVAR\P6\000431_depth_modified.png 307.017 83.8895 697.529 
C:\OpenARK_test\CVAR\P6\000432_depth_modified.png 257.485 81.5317 771.579 
C:\OpenARK_test\CVAR\P6\000433_depth_modified.png 257.836 81.4043 769.76 
C:\OpenARK_test\CVAR\P6\000434_depth_modified.png 306.012 84.1739 701.495 
C:\OpenARK_test\CVAR\P6\000436_depth_modified.png 258.9 82.0596 770.713 
C:\OpenARK_test\CVAR\P6\000437_depth_modified.png 306.916 83.6967 704.225 
C:\OpenARK_test\CVAR\P6\000439_depth_modified.png 257.888 82.0418 772.934 
C:\OpenARK_test\CVAR\P6\000440_depth_modified.png 306.887 83.9426 703.225 
C:\OpenARK_test\CVAR\P7\000052_depth_modified.png 314.378 92.0646 688.055 
C:\OpenARK_test\CVAR\P7\000057_depth_modified.png 314.428 92.1348 690.778 
C:\OpenARK_test\CVAR\P7\000060_depth_modified.png 314.266 93.8905 691.127 
C:\OpenARK_test\CVAR\P7\000061_depth_modified.png 314.345 93.9751 691.495 
C:\OpenARK_test\CVAR\P7\000062_depth_modified.png 314.31 93.6098 688.782 
C:\OpenARK_test\CVAR\P7\000069_depth_modified.png 314.318 94.0585 693.065 
C:\OpenARK_test\CVAR\P7\000075_depth_modified.png 277.835 105.258 764.028 
C:\OpenARK_test\CVAR\P7\000076_depth_modified.png 314.387 94.9648 692.011 
C:\OpenARK_test\CVAR\P7\000086_depth_modified.png 314.322 95.948 691.873 
C:\OpenARK_test\CVAR\P7\000112_depth_modified.png 314.288 97.8802 695.474 
C:\OpenARK_test\CVAR\P7\000116_depth_modified.png 314.266 97.861 695.958 
C:\OpenARK_test\CVAR\P7\000124_depth_modified.png 314.322 98.0525 695.033 
C:\OpenARK_test\CVAR\P7\000125_depth_modified.png 314.412 98.1434 695.2 
C:\OpenARK_test\CVAR\P7\000126_depth_modified.png 314.205 98.975 692.479 
C:\OpenARK_test\CVAR\P7\000128_depth_modified.png 314.267 98.835 695.75 
C:\OpenARK_test\CVAR\P7\000165_depth_modified.png 314.425 95.1529 691.534 
C:\OpenARK_test\CVAR\P7\000174_depth_modified.png 314.321 96.8628 692.716 
C:\OpenARK_test\CVAR\P7\000176_depth_modified.png 283.395 101.575 751.187 
C:\OpenARK_test\CVAR\P7\000182_depth_modified.png 283.144 102.471 753.041 
C:\OpenARK_test\CVAR\P7\000189_depth_modified.png 314.329 98.0337 695.62 
C:\OpenARK_test\CVAR\P7\000195_depth_modified.png 282.329 102.867 755.481 
C:\OpenARK_test\CVAR\P7\000197_depth_modified.png 314.16 99.6368 693.9 
C:\OpenARK_test\CVAR\P7\000200_depth_modified.png 314.322 98.9572 691.915 
C:\OpenARK_test\CVAR\P7\000201_depth_modified.png 314.217 98.945 694.202 
C:\OpenARK_test\CVAR\P7\000204_depth_modified.png 282.192 101.784 753.08 
C:\OpenARK_test\CVAR\P7\000207_depth_modified.png 281.448 102.615 752.038 
C:\OpenARK_test\CVAR\P7\000211_depth_modified.png 314.163 98.8098 692.67 
C:\OpenARK_test\CVAR\P7\000217_depth_modified.png 314.313 97.0357 692.761 
C:\OpenARK_test\CVAR\P7\000218_depth_modified.png 282.454 99.6625 750.652 
C:\OpenARK_test\CVAR\P7\000219_depth_modified.png 282.629 100.891 746.85 
C:\OpenARK_test\CVAR\P7\000228_depth_modified.png 314.322 96.0247 694.484 
C:\OpenARK_test\CVAR\P7\000230_depth_modified.png 282.452 98.5146 748.819 
C:\OpenARK_test\CVAR\P7\000232_depth_modified.png 314.323 96.0086 691.699 
C:\OpenARK_test\CVAR\P7\000234_depth_modified.png 282.145 99.3145 748.199 
C:\OpenARK_test\CVAR\P7\000235_depth_modified.png 314.427 96.8941 692.702 
C:\OpenARK_test\CVAR\P7\000239_depth_modified.png 314.265 96.8172 692.156 
C:\OpenARK_test\CVAR\P7\000240_depth_modified.png 283.115 98.641 740.972 
C:\OpenARK_test\CVAR\P7\000241_depth_modified.png 279.749 101.747 756.982 
C:\OpenARK_test\CVAR\P7\000242_depth_modified.png 280.625 100.503 752.156 
C:\OpenARK_test\CVAR\P7\000243_depth_modified.png 280.703 98.7686 752.133 
C:\OpenARK_test\CVAR\P7\000244_depth_modified.png 280.946 98.6957 754.347 
C:\OpenARK_test\CVAR\P7\000245_depth_modified.png 314.265 96.476 692.786 
C:\OpenARK_test\CVAR\P7\000246_depth_modified.png 281.431 98.2919 747.514 
C:\OpenARK_test\CVAR\P7\000247_depth_modified.png 280.895 99.4074 752.547 
C:\OpenARK_test\CVAR\P7\000248_depth_modified.png 314.25 96.8136 689.598 
C:\OpenARK_test\CVAR\P7\000250_depth_modified.png 314.342 95.8425 691.563 
C:\OpenARK_test\CVAR\P7\000251_depth_modified.png 282.456 97.7117 743.761 
C:\OpenARK_test\CVAR\P7\000253_depth_modified.png 281.452 99.3691 750.746 
C:\OpenARK_test\CVAR\P7\000254_depth_modified.png 314.315 95.7814 692.99 
C:\OpenARK_test\CVAR\P7\000255_depth_modified.png 282.696 99.033 745.892 
C:\OpenARK_test\CVAR\P7\000256_depth_modified.png 314.263 94.8907 688.316 
C:\OpenARK_test\CVAR\P7\000257_depth_modified.png 314.276 94.8802 690.189 
C:\OpenARK_test\CVAR\P7\000258_depth_modified.png 314.275 94.5833 689.544 
C:\OpenARK_test\CVAR\P7\000259_depth_modified.png 314.367 94.8442 688.031 
C:\OpenARK_test\CVAR\P7\000260_depth_modified.png 282.575 99.1885 744.938 
C:\OpenARK_test\CVAR\P7\000261_depth_modified.png 282.437 99.2869 744.881 
C:\OpenARK_test\CVAR\P7\000262_depth_modified.png 282.499 99.1597 748.708 
C:\OpenARK_test\CVAR\P7\000263_depth_modified.png 314.322 94.8929 690.568 
C:\OpenARK_test\CVAR\P7\000266_depth_modified.png 282.413 99.3092 743.683 
C:\OpenARK_test\CVAR\P7\000267_depth_modified.png 314.211 94.9687 690.15 
C:\OpenARK_test\CVAR\P7\000270_depth_modified.png 282.649 98.3925 748.223 
C:\OpenARK_test\CVAR\P7\000273_depth_modified.png 314.259 95.0628 690.359 
C:\OpenARK_test\CVAR\P7\000274_depth_modified.png 282.994 97.7962 748.556 
C:\OpenARK_test\CVAR\P7\000275_depth_modified.png 314.41 94.756 689.763 
C:\OpenARK_test\CVAR\P7\000276_depth_modified.png 281.63 98.9938 749.893 
C:\OpenARK_test\CVAR\P7\000277_depth_modified.png 314.308 94.8189 689.875 
C:\OpenARK_test\CVAR\P7\000278_depth_modified.png 314.349 94.9714 687.817 
C:\OpenARK_test\CVAR\P7\000279_depth_modified.png 314.358 94.8663 690.442 
C:\OpenARK_test\CVAR\P7\000280_depth_modified.png 314.399 94.8775 690.674 
C:\OpenARK_test\CVAR\P7\000281_depth_modified.png 282.453 98.3712 747.354 
C:\OpenARK_test\CVAR\P7\000283_depth_modified.png 282.286 97.615 747.852 
C:\OpenARK_test\CVAR\P7\000284_depth_modified.png 314.226 94.6282 691.34 
C:\OpenARK_test\CVAR\P7\000285_depth_modified.png 279.911 98.7475 752.895 
C:\OpenARK_test\CVAR\P7\000286_depth_modified.png 280.906 98.5188 745.708 
C:\OpenARK_test\CVAR\P7\000287_depth_modified.png 279.763 99.8305 754.538 
C:\OpenARK_test\CVAR\P7\000288_depth_modified.png 314.256 95.3581 689.905 
C:\OpenARK_test\CVAR\P7\000289_depth_modified.png 314.393 94.7748 688.969 
C:\OpenARK_test\CVAR\P7\000290_depth_modified.png 314.377 94.767 690.886 
C:\OpenARK_test\CVAR\P7\000291_depth_modified.png 314.247 94.688 690.081 
C:\OpenARK_test\CVAR\P7\000292_depth_modified.png 314.291 94.6235 690.47 
C:\OpenARK_test\CVAR\P7\000294_depth_modified.png 279.141 98.1017 756.848 
