000000_depth.png 178.757 171.468 168.996 163.407 162.134 159.882 153 114 155.590 165.480 
000001_depth.png 178.898 171.470 174.832 168.548 166.836 165.493 156 110 168.160 160.461 
000002_depth.png 176.796 166.132 169.209 159.653 158.391 153.972 151 107 152.987 156.100 
000003_depth.png 175.204 165.750 167.970 158.875 156.375 151.989 148 103 150.837 154.733 
000004_depth.png 173.623 164.153 166.227 157.245 154.371 150.412 148 101 148.197 152.910 
000005_depth.png 172.694 163.951 165.738 156.803 154.514 149.884 148 101 147.804 153.234 
000006_depth.png 170.487 164.193 164.213 157.061 151.376 150.197 146 101 146.046 152.684 
000007_depth.png 170.327 166.252 164.783 162.220 153.736 156.798 145 102 156.255 152.853 
000008_depth.png 168.538 162.424 163.122 155.913 150.742 148.756 145 100 145.221 151.242 
000009_depth.png 168.552 163.928 161.704 155.876 149.404 148.970 145 101 143.923 151.308 
000010_depth.png 168.557 166.046 163.030 162.050 153.335 157.317 145 103 154.730 152.839 
000011_depth.png 168.435 167.105 163.024 162.023 153.352 157.206 146 102 154.761 152.789 
000012_depth.png 168.435 167.105 163.023 162.021 153.352 157.206 146 102 154.757 152.789 
000013_depth.png 167.467 163.305 162.004 155.331 150.807 149.228 145 101 144.686 152.762 
000014_depth.png 168.286 163.582 164.093 156.094 152.792 148.877 147 102 145.871 152.174 
000015_depth.png 169.807 163.081 163.296 154.985 153.538 147.978 147 100 145.952 152.464 
000016_depth.png 165.866 159.375 162.193 154.417 157.735 151.590 148 98 141.737 143.468 
000017_depth.png 167.040 159.259 163.908 155.090 158.688 150.898 150 97 142.756 142.438 
000018_depth.png 152.916 161.281 150.207 159.823 137.534 148.713 152 94 133.503 145.526 
000019_depth.png 153.226 161.801 150.313 160.504 137.797 148.040 151 96 133.625 144.979 
000020_depth.png 153.259 161.844 150.313 160.515 137.797 148.040 153 97 133.714 144.992 
000021_depth.png 153.341 162.205 150.241 160.516 137.479 148.000 152 97 133.297 144.995 
000022_depth.png 154.081 162.649 148.075 159.414 135.820 146.979 151 98 133.123 143.148 
000023_depth.png 154.114 162.308 148.750 159.038 135.832 146.881 150 97 132.789 142.500 
000024_depth.png 154.241 162.406 148.750 159.386 136.374 146.983 151 98 132.250 142.848 
000025_depth.png 155.378 162.241 150.022 159.680 136.405 145.966 152 99 133.398 142.834 
000026_depth.png 136.284 171.170 138.514 169.328 139.340 152.199 153.492 110.778 129.217 145.714 
000027_depth.png 155.353 163.384 147.001 158.748 136.307 146.410 151 101 132.573 142.800 
000028_depth.png 155.534 162.594 149.607 159.728 136.552 145.584 153 101 133.501 142.128 
000029_depth.png 137.739 170.730 140.534 169.341 140.530 149.705 157.311 112.880 129.850 141.305 
000030_depth.png 137.733 170.610 140.530 169.312 140.528 149.663 156 104 129.162 141.307 
000031_depth.png 137.943 169.327 140.529 168.208 140.534 148.286 157.150 111.460 129.142 140.056 
000032_depth.png 137.438 167.491 140.218 167.033 141.629 146.945 155 102 130.007 138.470 
000033_depth.png 137.800 167.387 140.633 166.993 142.114 146.895 158.573 110.333 130.507 137.273 
000034_depth.png 138.173 169.531 141.657 166.973 142.857 146.591 156 100 131.127 136.062 
000035_depth.png 137.513 165.785 140.274 165.434 143.071 145.117 158 102 131.625 135.166 
000036_depth.png 137.367 164.480 140.147 164.099 143.793 143.647 159 101 131.439 133.624 
000037_depth.png 137.575 162.912 139.874 162.672 143.859 142.373 161 100 132.845 132.102 
000038_depth.png 137.699 162.904 140.622 162.641 145.017 143.431 160 101 133.025 132.157 
000039_depth.png 143.537 166.834 145.751 158.234 149.831 145.500 160 98 133.156 129.940 
000040_depth.png 144.116 165.277 146.664 157.457 149.589 144.047 161 97 133.573 128.046 
000041_depth.png 144.457 164.379 146.376 156.216 149.420 142.585 161 97 133.699 126.650 
000042_depth.png 143.564 164.603 146.416 156.318 149.151 141.657 160 95 134.642 127.584 
000043_depth.png 139.019 158.452 140.369 158.997 144.984 137.683 160 96 135.342 126.374 
000044_depth.png 138.889 158.809 140.404 159.197 145.304 136.589 160.970 104.184 136.154 126.333 
000045_depth.png 138.487 158.598 139.723 159.221 144.003 136.600 159.559 104.486 134.727 126.065 
000046_depth.png 139.126 158.522 139.203 159.300 144.738 136.908 158.608 104.830 134.476 128.638 
000047_depth.png 137.816 159.277 138.605 159.232 143.799 137.452 157 96 133.978 128.540 
000048_depth.png 138.257 159.104 138.889 159.097 144.591 136.998 157 98 134.281 128.610 
000049_depth.png 138.803 158.843 138.998 159.217 143.809 136.775 155 95 132.965 128.571 
000050_depth.png 138.015 159.259 138.458 159.231 143.946 137.451 156 98 133.940 128.519 
000051_depth.png 138.985 160.186 139.054 160.720 143.746 138.255 155 96 132.968 130.086 
000052_depth.png 138.374 163.137 138.353 163.055 143.470 140.761 154 99 131.633 132.868 
000053_depth.png 137.585 164.717 138.018 164.708 141.560 142.137 155.871 108.275 130.307 134.376 
000054_depth.png 135.923 165.656 136.776 165.271 139.798 142.956 151 101 128.213 136.072 
000055_depth.png 135.452 167.041 136.813 166.765 139.724 144.346 150 99 126.540 137.197 
000056_depth.png 135.444 166.786 136.797 166.781 139.761 144.508 150 102 126.490 137.167 
000057_depth.png 135.012 166.890 136.523 166.939 139.526 144.500 148 100 126.197 138.500 
000058_depth.png 141.917 174.914 143.434 167.622 142.034 147.339 145 96 126.493 139.147 
000059_depth.png 136.704 168.885 138.145 168.891 139.485 146.525 152.512 108.708 127.128 142.023 
000060_depth.png 166.667 163.984 162.167 164.471 137.959 147.982 145 98 134.314 142.561 
000061_depth.png 164.525 162.187 160.152 163.661 137.199 149.875 143 99 133.554 142.697 
000062_depth.png 163.531 162.624 159.018 163.639 136.979 150.539 141 99 132.700 146.214 
000063_depth.png 164.500 163.683 159.064 164.575 136.445 151.345 140 98 132.023 146.826 
000064_depth.png 164.082 162.990 157.310 163.872 136.320 152.081 138 98 131.248 146.350 
000065_depth.png 164.008 161.759 156.910 163.708 136.682 152.961 139 99 131.626 147.380 
000066_depth.png 166.499 162.145 158.974 163.766 139.496 153.163 137 98 133.534 147.314 
000067_depth.png 166.004 163.639 158.022 164.045 137.795 154.451 136 97 132.024 148.619 
000068_depth.png 165.021 162.688 157.184 162.443 136.674 153.945 133 97 130.717 148.992 
000069_depth.png 165.499 157.077 151.790 156.621 138.077 145.897 124 98 135.030 144.870 
000070_depth.png 164.828 157.372 150.145 155.234 137.441 148.277 120 99 134.407 145.284 
000071_depth.png 164.018 158.119 150.097 156.424 135.797 147.599 118 101 131.512 131.649 
000072_depth.png 164.459 156.828 149.565 155.882 135.639 147.654 118 98 130.194 133.189 
000073_depth.png 173.603 168.968 162.596 165.491 155.387 160.219 120 102 149.504 145.068 
000074_depth.png 173.359 168.410 162.258 164.549 154.781 159.049 118 102 147.966 145.088 
000075_depth.png 173.208 168.022 162.211 164.604 154.353 159.208 118 104 147.906 145.070 
000076_depth.png 173.943 167.966 162.930 163.414 152.961 160.279 112 104 145.187 143.735 
000077_depth.png 174.074 167.562 162.856 163.183 153.360 160.732 116.025 113.699 144.903 143.231 
000078_depth.png 168.634 162.772 160.844 159.549 146.646 158.047 110 110 148.186 145.757 
000079_depth.png 168.632 162.767 160.791 159.631 146.648 159.632 106 112 146.647 146.780 
000080_depth.png 168.025 163.048 156.526 156.706 139.844 155.383 101 111 144.540 151.989 
000081_depth.png 169.919 163.933 156.095 157.163 140.658 156.709 99 111 143.346 152.565 
000082_depth.png 163.603 162.770 156.335 155.258 141.395 154.010 100 112 144.563 150.702 
000083_depth.png 164.711 162.818 156.836 154.305 142.289 154.196 97 113 143.894 149.536 
000084_depth.png 164.794 162.589 155.422 153.676 143.163 154.695 97 112 143.629 151.079 
000085_depth.png 163.914 161.227 155.547 153.048 141.493 154.149 96 113 143.094 149.500 
000086_depth.png 163.914 159.965 155.882 152.454 141.493 152.640 96 112 144.696 149.302 
000087_depth.png 163.915 158.441 155.674 150.834 141.492 151.102 96 108 144.692 147.316 
000088_depth.png 164.268 159.203 156.804 151.117 143.417 150.877 101 106 146.651 147.870 
000089_depth.png 164.972 158.886 158.579 151.141 145.556 149.463 105 104 148.797 147.335 
000090_depth.png 174.724 167.975 168.607 166.398 155.282 159.397 117 100 154.743 147.000 
000091_depth.png 176.038 168.379 169.922 166.343 155.789 160.395 121 100 155.802 147.498 
000092_depth.png 174.115 168.772 168.593 166.140 154.477 159.477 122 98 154.613 147.106 
000093_depth.png 175.332 156.428 166.186 155.357 155.825 148.978 126 95 153.255 146.076 
000094_depth.png 175.388 155.243 166.195 155.405 156.541 148.096 131 93 153.985 144.771 
000095_depth.png 175.047 154.495 165.719 155.128 156.597 148.010 132 92 153.282 143.955 
000096_depth.png 175.279 155.438 165.719 155.746 156.392 147.575 137 91 153.280 143.993 
000097_depth.png 179.251 164.381 166.187 158.245 157.065 153.632 141 93 155.331 143.505 
000098_depth.png 178.848 164.320 166.655 159.902 157.422 154.790 144 94 155.868 143.976 
000099_depth.png 180.125 163.608 173.030 159.020 159.831 151.369 152 96 161.338 146.564 
000100_depth.png 180.894 163.179 175.114 158.750 162.878 152.433 157 93 164.393 148.110 
000101_depth.png 179.791 172.497 174.117 166.434 166.499 155.655 162 94 164.969 151.325 
000102_depth.png 180.143 173.363 175.578 167.427 166.486 154.972 164 94 166.282 152.063 
000103_depth.png 181.717 174.047 177.122 166.681 169.459 154.803 172 95 169.313 152.001 
000104_depth.png 183.094 173.671 178.547 166.706 170.969 154.754 179 97 170.922 151.914 
000105_depth.png 182.261 168.252 179.574 163.278 172.696 155.463 181 99 171.992 147.229 
000106_depth.png 183.726 169.965 180.804 164.658 176.421 156.658 189 102 174.961 148.858 
000107_depth.png 187.837 173.423 182.055 166.106 179.164 159.812 191 105 177.695 147.390 
000108_depth.png 188.582 173.639 182.828 166.414 179.083 160.116 193 103 178.560 147.475 
000109_depth.png 189.011 172.742 183.107 165.103 180.380 159.640 194 105 179.102 147.818 
000110_depth.png 187.967 172.296 181.945 164.845 179.122 159.007 195 105 178.900 147.028 
000111_depth.png 189.331 171.907 183.490 164.624 179.792 159.039 196 104 179.692 145.797 
000112_depth.png 189.500 170.603 183.479 163.580 179.315 159.171 195 102 179.444 145.658 
000113_depth.png 191.527 169.236 185.515 162.451 180.991 159.241 196 101 179.483 145.484 
000114_depth.png 189.089 170.893 185.275 161.168 178.144 152.456 196 101 178.196 145.624 
000115_depth.png 190.008 170.402 186.991 160.260 177.945 152.113 193 101 177.935 145.687 
000116_depth.png 190.498 168.278 187.052 158.567 178.483 149.992 195 98 178.021 143.505 
000117_depth.png 190.633 165.703 187.484 155.183 176.876 146.807 189 95 176.895 140.801 
000118_depth.png 190.056 164.307 186.977 153.300 176.305 145.430 188 94 176.313 139.397 
000119_depth.png 189.517 163.665 186.297 152.778 174.438 143.923 183 91 174.438 138.053 
000120_depth.png 194.154 160.949 184.881 155.083 172.831 145.976 176 89 171.312 138.496 
000121_depth.png 192.812 158.801 183.579 154.524 171.763 143.961 174 87 169.878 137.554 
000122_depth.png 192.597 156.491 183.647 152.038 171.267 141.426 173 85 169.736 135.259 
000123_depth.png 192.464 155.425 184.335 150.610 172.058 139.867 170 84 168.302 132.689 
000124_depth.png 191.445 154.044 182.471 148.370 169.300 138.334 166 85 166.868 131.552 
000125_depth.png 190.921 153.778 182.550 148.841 170.502 139.697 163 86 166.076 132.916 
000126_depth.png 190.978 153.913 182.691 150.038 169.711 139.720 161 87 165.125 134.407 
000127_depth.png 190.054 154.099 179.585 150.338 167.087 145.636 153 89 167.802 134.855 
000128_depth.png 186.578 162.098 179.310 158.469 165.359 153.089 150 93 165.259 139.538 
000129_depth.png 188.091 155.838 175.948 148.613 167.575 144.985 150.192 109.319 160.996 132.245 
000130_depth.png 185.874 156.828 176.969 149.692 165.336 149.970 134 100 160.642 139.397 
000131_depth.png 184.635 158.413 176.439 150.537 163.798 149.421 130 102 159.469 140.654 
000132_depth.png 185.486 158.022 175.778 151.158 164.398 151.595 125 105 158.403 142.108 
000133_depth.png 182.577 157.188 174.179 153.307 160.219 152.742 120 106 160.882 141.997 
000134_depth.png 182.950 158.534 174.606 154.908 159.919 153.530 119 106 160.724 142.407 
000135_depth.png 182.922 157.588 175.188 154.249 161.265 154.508 119 109 161.268 143.181 
000136_depth.png 180.493 156.460 172.668 153.372 158.726 154.719 117 110 159.825 144.055 
000137_depth.png 178.499 157.090 170.769 153.938 156.625 154.893 114 111 156.210 143.113 
000138_depth.png 179.062 158.198 171.212 154.968 157.077 156.321 114 111 157.061 144.102 
000139_depth.png 178.633 157.633 170.779 154.479 156.650 155.609 114 111 156.615 143.560 
000140_depth.png 179.170 155.286 171.071 152.373 157.266 153.446 117 108 158.820 142.767 
000141_depth.png 181.125 159.978 174.750 152.132 160.406 147.380 123.301 110.578 153.749 136.203 
000142_depth.png 181.474 159.443 174.088 151.553 160.775 146.967 122 102 153.290 135.930 
000143_depth.png 184.312 164.133 173.012 154.385 158.812 147.929 127 95 154.031 132.410 
000144_depth.png 185.905 164.096 174.749 153.896 160.405 148.276 128 94 157.218 132.803 
000145_depth.png 182.824 165.207 175.881 159.584 162.121 156.294 133 93 161.614 143.666 
000146_depth.png 185.507 150.906 175.694 150.896 167.893 144.736 137 90 162.668 141.588 
000147_depth.png 189.101 166.287 179.607 154.192 167.776 153.414 141 89 165.528 142.256 
000148_depth.png 190.781 168.578 182.552 158.158 168.688 153.144 144 90 165.759 136.648 
000149_depth.png 190.973 168.399 183.150 157.993 169.235 153.494 147 89 166.540 136.188 
000150_depth.png 191.252 168.020 184.468 158.192 170.267 153.820 152.391 97.999 168.957 136.348 
000151_depth.png 194.749 157.578 183.812 154.000 174.416 149.197 161 84 172.844 138.185 
000152_depth.png 193.519 157.361 186.786 152.189 173.813 146.149 165 85 175.561 141.317 
000153_depth.png 193.612 156.326 185.129 146.734 170.717 140.547 167 86 163.714 145.188 
000154_depth.png 193.698 157.706 184.546 146.878 170.837 140.885 172 87 163.223 145.183 
000155_depth.png 194.797 170.726 188.960 162.715 177.023 150.453 181 89 176.810 147.946 
000156_depth.png 196.449 171.008 190.943 163.248 179.034 151.142 184 91 178.971 148.103 
000157_depth.png 196.618 169.867 191.063 165.003 180.398 156.857 186 90 180.899 143.517 
000158_depth.png 197.944 170.724 192.060 166.578 181.454 157.035 189 93 182.011 145.030 
000159_depth.png 196.389 172.232 191.850 167.234 180.123 156.726 189 95 181.522 145.057 
000160_depth.png 197.274 172.490 191.246 166.848 181.113 156.861 190 95 181.326 146.328 
000161_depth.png 197.000 171.654 191.000 166.540 180.497 157.059 189 95 181.685 145.500 
000162_depth.png 195.064 172.245 190.531 165.742 179.977 154.080 187 95 179.619 151.039 
000163_depth.png 196.856 173.818 191.136 165.210 179.496 154.226 188 92 178.860 150.958 
000164_depth.png 198.636 171.893 191.062 165.172 180.450 156.315 186 93 181.208 143.997 
000165_depth.png 198.641 170.324 192.579 163.860 181.964 152.067 184 92 181.704 149.064 
000166_depth.png 197.250 169.156 191.125 162.768 181.607 152.188 180 89 181.778 148.724 
000167_depth.png 198.210 167.499 191.125 161.211 181.685 150.656 177 91 181.084 147.474 
000168_depth.png 200.843 158.263 193.185 153.662 178.888 148.338 174 92 182.469 144.532 
000169_depth.png 198.416 158.383 190.611 154.279 176.886 148.477 171 92 178.476 143.972 
000170_depth.png 199.733 158.303 190.932 154.688 178.383 148.587 171 93 178.806 144.003 
000171_depth.png 197.195 166.843 189.113 159.568 177.413 152.155 165 96 172.691 138.514 
000172_depth.png 196.686 167.082 188.440 159.736 176.877 152.157 157 99 170.610 139.781 
000173_depth.png 196.250 170.893 187.114 164.594 174.811 162.476 152 101 175.403 150.027 
000174_depth.png 194.490 172.893 188.352 166.928 174.532 164.488 146 104 174.278 151.759 
000175_depth.png 194.945 173.960 185.590 166.727 173.304 164.876 144 106 171.727 151.824 
000176_depth.png 196.741 171.906 186.125 168.843 175.458 165.780 141 110 167.750 149.808 
000177_depth.png 194.109 171.216 184.827 169.235 175.723 166.886 138 111 167.827 151.207 
000178_depth.png 191.396 176.083 180.431 166.969 166.078 160.464 137 109 162.297 144.516 
000179_depth.png 190.312 176.975 179.375 167.785 165.301 161.024 134 110 160.624 145.233 
000180_depth.png 189.714 176.679 176.365 168.347 165.179 162.996 131 108 163.624 151.573 
000181_depth.png 183.501 174.755 175.364 169.912 162.257 168.469 130 109 161.618 154.898 
000182_depth.png 184.447 175.114 176.306 170.186 162.887 167.484 133 107 162.663 154.768 
000183_depth.png 187.530 174.236 178.511 165.091 163.624 159.469 135 103 161.278 141.785 
000184_depth.png 187.626 175.925 181.023 169.470 167.111 166.886 139 104 167.110 152.676 
000185_depth.png 192.881 172.086 182.375 162.444 169.625 160.997 142 102 168.088 150.509 
000186_depth.png 190.097 172.520 181.149 163.679 169.096 158.529 147 100 167.490 138.826 
000187_depth.png 194.181 173.190 186.258 162.900 171.899 158.572 152 97 171.145 143.796 
000188_depth.png 194.062 173.833 186.208 163.083 172.077 157.953 154 97 170.686 143.030 
000189_depth.png 193.524 164.106 185.797 156.566 174.658 152.648 160 96 172.331 140.624 
000190_depth.png 194.697 166.179 187.429 157.737 177.961 152.394 165 98 174.843 141.298 
000191_depth.png 192.559 173.590 186.541 165.645 173.229 163.197 163 100 177.071 149.743 
000192_depth.png 193.467 164.871 185.577 155.566 182.323 155.336 164 107 176.983 142.316 
000193_depth.png 189.274 163.962 182.847 157.244 176.136 149.971 165 103 176.317 137.982 
000194_depth.png 188.063 164.535 183.199 158.174 177.012 149.944 165 103 176.738 137.824 
000195_depth.png 189.187 165.249 184.406 159.588 176.445 152.934 167 107 178.018 138.438 
000196_depth.png 189.125 165.178 184.437 159.060 176.616 152.375 168 108 178.168 138.628 
000197_depth.png 180.038 165.715 172.064 158.869 168.909 155.794 167 110 162.632 150.097 
000198_depth.png 180.121 167.057 172.251 160.423 169.125 157.274 168 116 162.906 152.708 
000199_depth.png 180.967 167.296 173.050 161.105 168.643 157.340 168 118 163.623 152.846 
000200_depth.png 180.945 168.648 173.231 161.918 169.734 158.696 169 119 163.968 154.500 
000201_depth.png 181.813 169.068 174.154 162.264 169.006 159.187 169 121 164.704 154.593 
000202_depth.png 181.847 169.383 173.658 162.875 168.997 159.726 171 125 164.829 154.751 
000203_depth.png 182.686 171.491 175.211 164.329 170.484 161.348 171 126 164.644 157.234 
000204_depth.png 182.701 171.550 175.149 164.493 170.438 161.396 172 128 164.858 157.372 
000205_depth.png 184.643 171.501 177.365 163.928 172.633 161.022 173 129 165.966 157.414 
000206_depth.png 183.451 172.195 175.953 165.385 171.289 162.233 173.424 129.876 165.070 158.750 
000207_depth.png 183.506 171.119 175.794 165.498 171.029 162.345 173.593 131.031 164.725 158.011 
000208_depth.png 183.471 171.065 175.797 165.517 171.537 162.353 173.549 129.652 164.842 158.221 
000209_depth.png 185.370 170.779 177.653 164.603 172.873 161.429 175.267 127.907 166.499 157.335 
000210_depth.png 183.308 169.896 177.273 163.297 172.485 159.913 175.015 128.103 167.054 156.670 
000211_depth.png 183.308 169.895 176.500 163.295 171.844 160.291 175 121 167.133 157.129 
000212_depth.png 183.323 170.254 175.270 161.367 171.943 156.923 174 118 165.868 154.962 
000213_depth.png 183.298 170.026 175.658 160.718 171.834 156.538 170 117 165.940 154.721 
000214_depth.png 199.303 166.621 190.947 157.673 182.829 154.202 169 114 179.677 144.455 
000215_depth.png 199.926 164.995 190.498 157.280 181.967 154.210 167 112 178.111 144.655 
000216_depth.png 199.013 164.144 189.671 156.381 181.371 153.273 166 112 177.166 143.936 
000217_depth.png 198.383 162.528 187.723 154.828 178.172 151.121 162 112 175.060 143.842 
000218_depth.png 196.374 161.876 184.027 154.828 174.923 151.734 157 112 171.600 144.011 
000219_depth.png 197.222 162.572 183.501 154.853 174.185 151.829 155 114 171.057 144.055 
000220_depth.png 195.796 165.350 187.273 163.713 176.894 159.932 153 116 171.850 146.268 
000221_depth.png 195.313 165.168 186.125 162.183 174.132 158.915 149 116 169.232 145.845 
000222_depth.png 194.015 165.006 184.739 162.000 173.211 158.935 147 118 166.642 146.536 
000223_depth.png 190.781 164.995 181.400 159.018 170.848 161.742 140 121 164.691 151.855 
000224_depth.png 189.844 167.404 180.657 161.753 170.639 164.262 138 124 162.719 154.635 
000225_depth.png 187.188 166.690 178.305 158.763 164.454 157.613 135 127 161.450 147.669 
000226_depth.png 187.188 166.679 177.640 159.609 164.936 159.663 135 127 161.420 149.084 
000227_depth.png 184.844 166.492 176.082 159.007 161.875 159.011 133 130 158.331 148.567 
000228_depth.png 183.824 165.543 175.234 158.041 161.295 158.445 132 127 157.101 148.504 
000229_depth.png 184.315 165.532 174.380 157.633 162.455 159.275 131 128 159.143 148.972 
000230_depth.png 185.097 166.293 176.053 158.768 162.044 159.063 132 128 157.816 148.450 
000231_depth.png 185.187 164.831 176.069 157.250 163.309 156.837 132 123 160.189 147.243 
000232_depth.png 186.834 165.205 179.355 160.016 167.914 158.561 134 120 159.617 146.636 
000233_depth.png 189.773 168.307 181.919 160.480 169.360 158.165 135 118 161.508 145.615 
000234_depth.png 190.518 167.570 183.043 159.881 170.195 155.459 137 114 162.746 144.416 
000235_depth.png 193.359 167.654 186.984 160.186 174.033 155.368 144 111 168.108 144.022 
000236_depth.png 200.487 168.684 190.791 165.567 180.366 160.350 151 106 175.608 147.235 
000237_depth.png 202.703 169.913 191.803 165.529 179.830 161.019 153 106 175.000 147.153 
000238_depth.png 202.076 170.111 192.663 166.495 181.905 161.287 156 106 177.265 147.704 
000239_depth.png 203.749 170.131 194.061 165.750 183.469 161.092 161 106 179.959 146.789 
000240_depth.png 206.156 170.025 196.617 167.133 186.516 161.156 164 104 182.754 147.164 
000241_depth.png 207.375 171.225 198.187 168.191 187.942 162.722 169 104 186.000 148.572 
000242_depth.png 206.754 160.995 195.207 153.196 183.265 146.010 174 100 177.111 152.611 
000243_depth.png 207.584 163.009 198.708 155.059 184.605 147.567 178 100 178.875 154.056 
000244_depth.png 207.826 163.029 199.286 155.187 186.172 147.422 182 100 179.972 153.959 
000245_depth.png 198.871 175.027 197.080 164.550 188.471 156.046 184 101 191.356 145.469 
000246_depth.png 200.254 176.266 196.790 165.086 187.872 156.654 186 102 190.453 146.409 
000247_depth.png 200.061 177.758 198.553 167.724 189.328 158.887 187 105 192.373 148.458 
000248_depth.png 200.260 178.254 200.023 169.278 189.359 161.373 190 106 193.887 150.627 
000249_depth.png 199.313 178.243 194.360 170.751 187.219 160.222 192 108 192.116 148.918 
000250_depth.png 199.668 179.021 194.102 172.100 187.876 161.125 192 110 193.338 150.117 
000251_depth.png 201.403 177.875 195.787 170.816 185.832 159.174 193 109 188.237 151.750 
000252_depth.png 201.719 178.074 193.727 171.041 186.006 158.188 194 108 187.513 151.747 
000253_depth.png 200.954 177.817 192.727 170.400 185.014 158.231 193 107 187.013 151.878 
000254_depth.png 201.069 177.124 193.617 169.662 185.845 157.569 192 106 187.400 150.686 
000255_depth.png 202.076 176.419 195.265 168.180 189.072 157.241 193 103 193.693 145.955 
000256_depth.png 200.835 172.998 194.298 165.083 188.110 154.581 190 102 193.386 143.421 
000257_depth.png 200.798 172.023 194.856 163.964 187.824 153.114 190 99 191.376 142.059 
000258_depth.png 200.792 170.600 194.535 163.108 188.219 152.288 188 97 192.952 141.405 
000259_depth.png 208.254 171.241 203.497 162.116 190.812 154.311 181 97 187.564 140.121 
000260_depth.png 207.487 171.782 201.948 162.863 188.531 154.749 176.564 105.608 185.375 140.933 
000261_depth.png 208.898 172.040 202.725 163.259 189.467 156.641 177 97 186.630 140.916 
000262_depth.png 208.702 171.590 202.464 162.916 189.409 154.927 176 97 186.247 140.960 
000263_depth.png 210.739 172.716 201.182 166.038 188.415 160.432 171 96 185.259 143.872 
000264_depth.png 209.621 173.007 200.900 165.584 185.878 159.769 167 96 185.048 144.222 
000265_depth.png 205.726 175.367 197.769 168.887 185.188 165.145 164 99 185.899 151.660 
000266_depth.png 205.978 173.739 196.779 167.305 184.022 164.519 163 99 185.194 151.509 
000267_depth.png 209.529 172.688 197.859 168.415 188.180 164.052 159.130 112.521 179.879 147.555 
000268_depth.png 203.132 175.735 195.150 169.606 179.344 165.322 155 102 179.288 151.564 
000269_depth.png 205.460 174.010 194.031 170.350 183.513 166.830 151 106 176.286 148.640 
000270_depth.png 202.491 172.797 191.632 170.755 182.203 167.186 150 107 173.871 148.933 
000271_depth.png 201.421 174.453 191.353 171.611 179.764 167.705 146 111 170.115 150.185 
000272_depth.png 200.133 179.235 185.904 170.200 175.172 163.830 143 110 172.553 151.559 
000273_depth.png 200.170 180.204 185.775 171.126 175.286 165.318 143 112 171.987 152.370 
000274_depth.png 200.531 179.435 185.916 170.231 175.650 164.285 141 109 172.376 151.616 
000275_depth.png 199.659 180.073 187.095 170.723 171.707 162.514 144 107 167.100 145.214 
000276_depth.png 198.872 178.254 187.139 169.148 173.980 161.976 147 106 169.063 144.142 
000277_depth.png 197.484 179.962 190.922 173.102 176.156 170.107 150 103 176.241 156.347 
000278_depth.png 200.130 178.649 190.701 169.365 175.765 162.557 151 103 172.684 143.327 
000279_depth.png 200.935 178.571 191.337 169.358 176.249 162.849 152.498 110.017 173.263 143.251 
000280_depth.png 205.092 177.004 193.961 165.937 179.246 161.056 159 100 177.618 145.173 
000281_depth.png 205.828 177.629 196.070 167.192 180.844 161.700 163 97 179.045 145.457 
000282_depth.png 206.401 177.117 196.568 166.732 181.803 161.889 165 99 179.772 146.169 
000283_depth.png 206.270 176.973 196.625 166.358 181.940 162.030 168 98 180.646 145.740 
000284_depth.png 206.278 176.878 196.579 166.125 181.875 162.112 167 98 180.775 146.500 
000285_depth.png 206.873 178.235 197.386 167.670 182.717 162.670 170 98 181.991 148.047 
000286_depth.png 206.363 180.417 199.335 167.542 185.424 164.054 184 100 184.439 144.654 
000287_depth.png 206.499 179.365 198.687 167.096 186.214 165.143 186 104 185.824 146.753 
000288_depth.png 206.104 183.937 197.157 175.650 187.687 167.918 187 106 184.531 151.132 
000289_depth.png 207.070 183.275 197.775 175.371 188.219 167.120 188 106 186.362 151.019 
000290_depth.png 206.625 183.668 197.173 175.796 187.688 167.445 189 106 185.811 151.404 
000291_depth.png 207.633 183.703 198.211 175.451 187.256 166.390 188 107 186.178 150.928 
000292_depth.png 206.891 182.559 197.343 175.004 187.129 165.461 189 106 185.291 150.907 
000293_depth.png 208.176 180.646 198.118 173.233 188.881 166.376 190 106 187.893 151.113 
000294_depth.png 212.188 182.880 201.579 174.733 191.586 168.689 186 112 189.449 153.329 
000295_depth.png 220.077 188.024 208.265 181.208 198.042 175.136 188 131 196.453 160.712 
