296
./CVAR/P7/000000_depth.png 164.771 154.423 401.000 
./CVAR/P7/000001_depth.png 163.166 154.329 405.000 
./CVAR/P7/000002_depth.png 164.713 156.876 399.000 
./CVAR/P7/000003_depth.png 163.922 152.632 393.000 
./CVAR/P7/000004_depth.png 162.224 149.236 393.000 
./CVAR/P7/000005_depth.png 159.677 149.236 390.000 
./CVAR/P7/000006_depth.png 159.677 149.236 392.000 
./CVAR/P7/000007_depth.png 154.584 149.236 390.000 
./CVAR/P7/000008_depth.png 157.131 149.236 392.000 
./CVAR/P7/000009_depth.png 157.131 149.236 392.000 
./CVAR/P7/000010_depth.png 155.433 149.236 390.000 
./CVAR/P7/000011_depth.png 155.433 149.236 390.000 
./CVAR/P7/000012_depth.png 155.433 149.236 390.000 
./CVAR/P7/000013_depth.png 156.282 150.085 389.000 
./CVAR/P7/000014_depth.png 157.131 150.934 385.000 
./CVAR/P7/000015_depth.png 158.829 150.085 386.000 
./CVAR/P7/000016_depth.png 158.829 150.085 388.000 
./CVAR/P7/000017_depth.png 158.829 150.085 388.000 
./CVAR/P7/000018_depth.png 163.922 149.236 386.000 
./CVAR/P7/000019_depth.png 165.620 148.387 388.000 
./CVAR/P7/000020_depth.png 165.620 148.387 388.000 
./CVAR/P7/000021_depth.png 165.620 148.387 388.000 
./CVAR/P7/000022_depth.png 166.469 147.538 391.000 
./CVAR/P7/000023_depth.png 166.469 147.538 391.000 
./CVAR/P7/000024_depth.png 166.469 147.538 391.000 
./CVAR/P7/000025_depth.png 166.469 148.387 386.000 
./CVAR/P7/000026_depth.png 163.922 150.085 379.000 
./CVAR/P7/000027_depth.png 167.317 145.840 393.000 
./CVAR/P7/000028_depth.png 166.469 145.840 389.000 
./CVAR/P7/000029_depth.png 166.469 145.840 386.000 
./CVAR/P7/000030_depth.png 166.469 145.840 387.000 
./CVAR/P7/000031_depth.png 166.469 145.840 387.000 
./CVAR/P7/000032_depth.png 166.469 145.840 382.000 
./CVAR/P7/000033_depth.png 165.620 145.840 382.000 
./CVAR/P7/000034_depth.png 165.620 148.387 374.000 
./CVAR/P7/000035_depth.png 167.317 148.387 376.000 
./CVAR/P7/000036_depth.png 167.317 148.387 373.000 
./CVAR/P7/000037_depth.png 167.317 148.387 373.000 
./CVAR/P7/000038_depth.png 167.317 148.387 369.000 
./CVAR/P7/000039_depth.png 169.015 145.840 375.000 
./CVAR/P7/000040_depth.png 169.015 145.840 371.000 
./CVAR/P7/000041_depth.png 169.015 145.840 371.000 
./CVAR/P7/000042_depth.png 169.015 145.840 368.000 
./CVAR/P7/000043_depth.png 169.015 145.840 366.000 
./CVAR/P7/000044_depth.png 169.015 145.840 358.000 
./CVAR/P7/000045_depth.png 169.015 145.840 360.000 
./CVAR/P7/000046_depth.png 166.469 146.689 356.000 
./CVAR/P7/000047_depth.png 166.469 146.689 358.000 
./CVAR/P7/000048_depth.png 166.469 146.689 361.000 
./CVAR/P7/000049_depth.png 166.469 146.689 356.000 
./CVAR/P7/000050_depth.png 166.469 146.689 358.000 
./CVAR/P7/000051_depth.png 166.469 146.689 356.000 
./CVAR/P7/000052_depth.png 166.469 146.689 363.000 
./CVAR/P7/000053_depth.png 166.469 146.689 368.000 
./CVAR/P7/000054_depth.png 166.469 146.689 364.000 
./CVAR/P7/000055_depth.png 163.073 146.689 363.000 
./CVAR/P7/000056_depth.png 163.073 146.689 365.000 
./CVAR/P7/000057_depth.png 163.073 146.689 361.000 
./CVAR/P7/000058_depth.png 163.073 146.689 365.000 
./CVAR/P7/000059_depth.png 165.620 146.689 362.000 
./CVAR/P7/000060_depth.png 167.317 145.840 368.000 
./CVAR/P7/000061_depth.png 163.073 145.840 369.000 
./CVAR/P7/000062_depth.png 163.073 145.840 368.000 
./CVAR/P7/000063_depth.png 163.073 145.840 365.000 
./CVAR/P7/000064_depth.png 163.073 145.840 367.000 
./CVAR/P7/000065_depth.png 163.073 145.840 363.000 
./CVAR/P7/000066_depth.png 163.922 145.840 359.000 
./CVAR/P7/000067_depth.png 165.620 145.840 361.000 
./CVAR/P7/000068_depth.png 167.317 144.992 362.000 
./CVAR/P7/000069_depth.png 163.073 145.840 355.000 
./CVAR/P7/000070_depth.png 163.073 145.840 355.000 
./CVAR/P7/000071_depth.png 163.073 145.840 351.000 
./CVAR/P7/000072_depth.png 163.073 145.840 352.000 
./CVAR/P7/000073_depth.png 155.433 144.143 343.000 
./CVAR/P7/000074_depth.png 155.433 144.143 341.000 
./CVAR/P7/000075_depth.png 155.433 144.143 344.000 
./CVAR/P7/000076_depth.png 151.188 140.747 346.000 
./CVAR/P7/000077_depth.png 149.491 140.747 349.000 
./CVAR/P7/000078_depth.png 152.886 145.840 343.000 
./CVAR/P7/000079_depth.png 152.886 145.840 343.000 
./CVAR/P7/000080_depth.png 149.491 147.538 338.000 
./CVAR/P7/000081_depth.png 149.491 147.538 340.000 
./CVAR/P7/000082_depth.png 150.340 150.934 341.000 
./CVAR/P7/000083_depth.png 151.188 150.085 337.000 
./CVAR/P7/000084_depth.png 147.793 150.085 334.000 
./CVAR/P7/000085_depth.png 147.793 150.085 336.000 
./CVAR/P7/000086_depth.png 147.793 150.085 336.000 
./CVAR/P7/000087_depth.png 147.793 150.085 336.000 
./CVAR/P7/000088_depth.png 149.491 150.085 335.000 
./CVAR/P7/000089_depth.png 156.282 150.085 334.000 
./CVAR/P7/000090_depth.png 152.037 147.538 342.000 
./CVAR/P7/000091_depth.png 157.980 148.387 344.000 
./CVAR/P7/000092_depth.png 157.131 144.143 349.000 
./CVAR/P7/000093_depth.png 156.282 144.143 348.000 
./CVAR/P7/000094_depth.png 156.282 144.143 350.000 
./CVAR/P7/000095_depth.png 157.131 144.992 349.000 
./CVAR/P7/000096_depth.png 157.131 144.992 349.000 
./CVAR/P7/000097_depth.png 157.131 144.992 352.000 
./CVAR/P7/000098_depth.png 158.829 145.840 351.000 
./CVAR/P7/000099_depth.png 162.224 145.840 355.000 
./CVAR/P7/000100_depth.png 166.469 148.387 353.000 
./CVAR/P7/000101_depth.png 164.771 146.689 354.000 
./CVAR/P7/000102_depth.png 165.620 146.689 356.000 
./CVAR/P7/000103_depth.png 168.166 147.538 354.000 
./CVAR/P7/000104_depth.png 171.562 147.538 357.000 
./CVAR/P7/000105_depth.png 172.411 144.143 359.000 
./CVAR/P7/000106_depth.png 172.411 144.992 368.000 
./CVAR/P7/000107_depth.png 180.900 144.992 375.000 
./CVAR/P7/000108_depth.png 179.202 144.992 371.000 
./CVAR/P7/000109_depth.png 181.749 148.387 367.000 
./CVAR/P7/000110_depth.png 182.598 150.934 364.000 
./CVAR/P7/000111_depth.png 180.051 147.538 363.000 
./CVAR/P7/000112_depth.png 180.051 147.538 360.000 
./CVAR/P7/000113_depth.png 180.051 149.236 359.000 
./CVAR/P7/000114_depth.png 183.447 150.934 358.000 
./CVAR/P7/000115_depth.png 185.993 149.236 359.000 
./CVAR/P7/000116_depth.png 186.842 148.387 359.000 
./CVAR/P7/000117_depth.png 186.842 147.538 357.000 
./CVAR/P7/000118_depth.png 185.993 145.840 355.000 
./CVAR/P7/000119_depth.png 184.295 143.294 359.000 
./CVAR/P7/000120_depth.png 180.900 144.992 356.000 
./CVAR/P7/000121_depth.png 178.353 145.840 352.000 
./CVAR/P7/000122_depth.png 178.353 144.992 352.000 
./CVAR/P7/000123_depth.png 178.353 144.992 351.000 
./CVAR/P7/000124_depth.png 178.353 143.294 352.000 
./CVAR/P7/000125_depth.png 176.655 138.200 353.000 
./CVAR/P7/000126_depth.png 176.655 138.200 358.000 
./CVAR/P7/000127_depth.png 176.655 138.200 357.000 
./CVAR/P7/000128_depth.png 176.655 138.200 356.000 
./CVAR/P7/000129_depth.png 176.655 138.200 357.000 
./CVAR/P7/000130_depth.png 172.411 135.654 363.000 
./CVAR/P7/000131_depth.png 168.166 137.351 360.000 
./CVAR/P7/000132_depth.png 166.469 142.445 358.000 
./CVAR/P7/000133_depth.png 166.469 142.445 355.000 
./CVAR/P7/000134_depth.png 167.317 142.445 352.000 
./CVAR/P7/000135_depth.png 167.317 142.445 348.000 
./CVAR/P7/000136_depth.png 163.922 143.294 348.000 
./CVAR/P7/000137_depth.png 163.922 143.294 345.000 
./CVAR/P7/000138_depth.png 163.922 143.294 344.000 
./CVAR/P7/000139_depth.png 162.224 144.143 344.000 
./CVAR/P7/000140_depth.png 159.677 141.596 343.000 
./CVAR/P7/000141_depth.png 159.677 141.596 340.000 
./CVAR/P7/000142_depth.png 159.677 141.596 340.000 
./CVAR/P7/000143_depth.png 159.677 141.596 339.000 
./CVAR/P7/000144_depth.png 159.677 141.596 340.000 
./CVAR/P7/000145_depth.png 166.469 140.747 340.000 
./CVAR/P7/000146_depth.png 166.469 140.747 342.000 
./CVAR/P7/000147_depth.png 169.015 144.143 339.000 
./CVAR/P7/000148_depth.png 172.411 141.596 343.000 
./CVAR/P7/000149_depth.png 172.411 141.596 345.000 
./CVAR/P7/000150_depth.png 172.411 141.596 343.000 
./CVAR/P7/000151_depth.png 174.109 140.747 345.000 
./CVAR/P7/000152_depth.png 178.353 138.200 349.000 
./CVAR/P7/000153_depth.png 179.202 138.200 352.000 
./CVAR/P7/000154_depth.png 179.202 138.200 354.000 
./CVAR/P7/000155_depth.png 179.202 138.200 362.000 
./CVAR/P7/000156_depth.png 179.202 138.200 361.000 
./CVAR/P7/000157_depth.png 183.447 142.445 356.000 
./CVAR/P7/000158_depth.png 183.447 142.445 357.000 
./CVAR/P7/000159_depth.png 183.447 142.445 365.000 
./CVAR/P7/000160_depth.png 183.447 144.143 360.000 
./CVAR/P7/000161_depth.png 182.598 144.143 360.000 
./CVAR/P7/000162_depth.png 182.598 144.143 359.000 
./CVAR/P7/000163_depth.png 182.598 144.143 359.000 
./CVAR/P7/000164_depth.png 182.598 144.143 356.000 
./CVAR/P7/000165_depth.png 182.598 143.294 357.000 
./CVAR/P7/000166_depth.png 182.598 143.294 353.000 
./CVAR/P7/000167_depth.png 182.598 143.294 353.000 
./CVAR/P7/000168_depth.png 182.598 143.294 352.000 
./CVAR/P7/000169_depth.png 182.598 143.294 355.000 
./CVAR/P7/000170_depth.png 182.598 143.294 354.000 
./CVAR/P7/000171_depth.png 182.598 143.294 356.000 
./CVAR/P7/000172_depth.png 181.749 144.992 356.000 
./CVAR/P7/000173_depth.png 181.749 146.689 353.000 
./CVAR/P7/000174_depth.png 180.051 150.085 349.000 
./CVAR/P7/000175_depth.png 180.051 150.085 353.000 
./CVAR/P7/000176_depth.png 178.353 152.632 352.000 
./CVAR/P7/000177_depth.png 172.411 153.480 348.000 
./CVAR/P7/000178_depth.png 169.864 155.178 347.000 
./CVAR/P7/000179_depth.png 168.166 154.329 346.000 
./CVAR/P7/000180_depth.png 168.166 154.329 344.000 
./CVAR/P7/000181_depth.png 169.015 154.329 345.000 
./CVAR/P7/000182_depth.png 168.166 154.329 338.000 
./CVAR/P7/000183_depth.png 168.166 154.329 339.000 
./CVAR/P7/000184_depth.png 173.260 153.480 341.000 
./CVAR/P7/000185_depth.png 173.260 153.480 340.000 
./CVAR/P7/000186_depth.png 173.260 152.632 337.000 
./CVAR/P7/000187_depth.png 179.202 151.783 340.000 
./CVAR/P7/000188_depth.png 179.202 150.934 343.000 
./CVAR/P7/000189_depth.png 179.202 147.538 338.000 
./CVAR/P7/000190_depth.png 180.900 145.840 339.000 
./CVAR/P7/000191_depth.png 189.389 146.689 349.000 
./CVAR/P7/000192_depth.png 181.749 146.689 342.000 
./CVAR/P7/000193_depth.png 183.447 147.538 340.000 
./CVAR/P7/000194_depth.png 183.447 147.538 338.000 
./CVAR/P7/000195_depth.png 183.447 148.387 340.000 
./CVAR/P7/000196_depth.png 184.295 148.387 345.000 
./CVAR/P7/000197_depth.png 188.540 148.387 342.000 
./CVAR/P7/000198_depth.png 188.540 148.387 346.000 
./CVAR/P7/000199_depth.png 187.691 150.085 345.000 
./CVAR/P7/000200_depth.png 189.389 150.085 347.000 
./CVAR/P7/000201_depth.png 188.540 150.934 353.000 
./CVAR/P7/000202_depth.png 188.540 150.934 351.000 
./CVAR/P7/000203_depth.png 189.389 155.178 342.000 
./CVAR/P7/000204_depth.png 189.389 155.178 342.000 
./CVAR/P7/000205_depth.png 189.389 155.178 345.000 
./CVAR/P7/000206_depth.png 189.389 155.178 347.000 
./CVAR/P7/000207_depth.png 189.389 155.178 344.000 
./CVAR/P7/000208_depth.png 189.389 155.178 344.000 
./CVAR/P7/000209_depth.png 189.389 155.178 339.000 
./CVAR/P7/000210_depth.png 190.238 152.632 343.000 
./CVAR/P7/000211_depth.png 188.540 150.085 348.000 
./CVAR/P7/000212_depth.png 191.935 150.085 346.000 
./CVAR/P7/000213_depth.png 191.935 150.085 345.000 
./CVAR/P7/000214_depth.png 188.540 150.085 345.000 
./CVAR/P7/000215_depth.png 188.540 150.085 343.000 
./CVAR/P7/000216_depth.png 184.295 145.840 348.000 
./CVAR/P7/000217_depth.png 185.993 145.840 347.000 
./CVAR/P7/000218_depth.png 181.749 144.143 349.000 
./CVAR/P7/000219_depth.png 180.900 143.294 348.000 
./CVAR/P7/000220_depth.png 177.504 145.840 347.000 
./CVAR/P7/000221_depth.png 177.504 145.840 353.000 
./CVAR/P7/000222_depth.png 173.260 144.143 352.000 
./CVAR/P7/000223_depth.png 170.713 144.992 353.000 
./CVAR/P7/000224_depth.png 170.713 147.538 352.000 
./CVAR/P7/000225_depth.png 166.469 147.538 357.000 
./CVAR/P7/000226_depth.png 166.469 149.236 357.000 
./CVAR/P7/000227_depth.png 165.620 150.934 353.000 
./CVAR/P7/000228_depth.png 164.771 150.934 351.000 
./CVAR/P7/000229_depth.png 162.224 151.783 348.000 
./CVAR/P7/000230_depth.png 165.620 151.783 349.000 
./CVAR/P7/000231_depth.png 165.620 151.783 346.000 
./CVAR/P7/000232_depth.png 167.317 150.934 342.000 
./CVAR/P7/000233_depth.png 170.713 150.085 344.000 
./CVAR/P7/000234_depth.png 171.562 149.236 349.000 
./CVAR/P7/000235_depth.png 173.260 149.236 343.000 
./CVAR/P7/000236_depth.png 179.202 149.236 347.000 
./CVAR/P7/000237_depth.png 183.447 147.538 348.000 
./CVAR/P7/000238_depth.png 182.598 147.538 349.000 
./CVAR/P7/000239_depth.png 182.598 147.538 346.000 
./CVAR/P7/000240_depth.png 185.144 143.294 347.000 
./CVAR/P7/000241_depth.png 186.842 143.294 352.000 
./CVAR/P7/000242_depth.png 191.087 145.840 350.000 
./CVAR/P7/000243_depth.png 195.331 149.236 349.000 
./CVAR/P7/000244_depth.png 195.331 149.236 349.000 
./CVAR/P7/000245_depth.png 194.482 148.387 348.000 
./CVAR/P7/000246_depth.png 194.482 148.387 353.000 
./CVAR/P7/000247_depth.png 194.482 148.387 353.000 
./CVAR/P7/000248_depth.png 196.180 150.934 355.000 
./CVAR/P7/000249_depth.png 199.576 152.632 352.000 
./CVAR/P7/000250_depth.png 198.727 155.178 353.000 
./CVAR/P7/000251_depth.png 202.122 156.876 352.000 
./CVAR/P7/000252_depth.png 202.122 156.876 352.000 
./CVAR/P7/000253_depth.png 202.122 156.876 350.000 
./CVAR/P7/000254_depth.png 202.122 156.027 348.000 
./CVAR/P7/000255_depth.png 201.273 152.632 349.000 
./CVAR/P7/000256_depth.png 201.273 146.689 351.000 
./CVAR/P7/000257_depth.png 201.273 146.689 347.000 
./CVAR/P7/000258_depth.png 201.273 146.689 343.000 
./CVAR/P7/000259_depth.png 201.273 144.992 340.000 
./CVAR/P7/000260_depth.png 196.180 147.538 342.000 
./CVAR/P7/000261_depth.png 196.180 147.538 337.000 
./CVAR/P7/000262_depth.png 196.180 147.538 340.000 
./CVAR/P7/000263_depth.png 196.180 147.538 339.000 
./CVAR/P7/000264_depth.png 196.180 147.538 343.000 
./CVAR/P7/000265_depth.png 196.180 147.538 335.000 
./CVAR/P7/000266_depth.png 190.238 146.689 339.000 
./CVAR/P7/000267_depth.png 190.238 146.689 338.000 
./CVAR/P7/000268_depth.png 190.238 150.085 339.000 
./CVAR/P7/000269_depth.png 185.993 150.934 330.000 
./CVAR/P7/000270_depth.png 182.598 150.934 329.000 
./CVAR/P7/000271_depth.png 180.051 151.783 339.000 
./CVAR/P7/000272_depth.png 176.655 156.027 324.000 
./CVAR/P7/000273_depth.png 176.655 156.027 328.000 
./CVAR/P7/000274_depth.png 176.655 156.876 326.000 
./CVAR/P7/000275_depth.png 176.655 157.725 327.000 
./CVAR/P7/000276_depth.png 176.655 157.725 326.000 
./CVAR/P7/000277_depth.png 184.295 158.574 329.000 
./CVAR/P7/000278_depth.png 181.749 156.876 327.000 
./CVAR/P7/000279_depth.png 182.598 156.876 328.000 
./CVAR/P7/000280_depth.png 186.842 153.480 331.000 
./CVAR/P7/000281_depth.png 187.691 153.480 331.000 
./CVAR/P7/000282_depth.png 187.691 153.480 330.000 
./CVAR/P7/000283_depth.png 187.691 153.480 332.000 
./CVAR/P7/000284_depth.png 187.691 153.480 332.000 
./CVAR/P7/000285_depth.png 191.935 153.480 336.000 
./CVAR/P7/000286_depth.png 191.935 153.480 341.000 
./CVAR/P7/000287_depth.png 191.935 153.480 345.000 
./CVAR/P7/000288_depth.png 191.935 153.480 343.000 
./CVAR/P7/000289_depth.png 191.935 153.480 344.000 
./CVAR/P7/000290_depth.png 191.935 153.480 343.000 
./CVAR/P7/000291_depth.png 191.087 153.480 344.000 
./CVAR/P7/000292_depth.png 191.087 153.480 346.000 
./CVAR/P7/000293_depth.png 191.935 152.632 351.000 
./CVAR/P7/000294_depth.png 191.935 152.632 357.000 
./CVAR/P7/000295_depth.png 191.424 152.969 365.000 
