000000_depth.png 178.757 171.468 457.030 168.996 163.407 448.404 162.134 159.882 456.706 151.707 118.458 434.019 155.590 165.480 465.178
000001_depth.png 178.898 171.470 452.075 174.832 168.548 451.304 166.836 165.493 447.752 155.332 116.430 437.489 168.160 160.461 435.467
000002_depth.png 176.796 166.132 456.105 169.209 159.653 450.634 158.391 153.972 455.196 150.663 111.066 431.666 152.987 156.100 465.381
000003_depth.png 175.204 165.750 450.261 167.970 158.875 444.364 156.375 151.989 449.045 148.947 108.918 424.756 150.837 154.733 459.231
000004_depth.png 173.623 164.153 450.258 166.227 157.245 444.469 154.371 150.412 448.836 147.189 106.593 424.128 148.197 152.910 459.141
000005_depth.png 172.694 163.951 447.182 165.738 156.803 441.665 154.514 149.884 445.956 146.776 105.892 421.474 147.804 153.234 456.325
000006_depth.png 170.487 164.193 449.124 164.213 157.061 443.328 151.376 150.197 447.733 145.016 106.153 423.434 146.046 152.684 457.653
000007_depth.png 170.327 166.252 437.163 164.783 162.220 436.996 153.736 156.798 433.271 145.714 107.353 422.677 156.255 152.853 421.690
000008_depth.png 168.538 162.424 447.903 163.122 155.913 443.351 150.742 148.756 447.755 144.191 105.418 424.049 145.221 151.242 457.131
000009_depth.png 168.552 163.928 449.363 161.704 155.876 443.317 149.404 148.970 447.880 143.924 105.108 423.174 143.923 151.308 459.752
000010_depth.png 168.557 166.046 437.042 163.030 162.050 436.545 153.335 157.317 434.089 145.323 107.244 422.826 154.730 152.839 422.944
000011_depth.png 168.435 167.105 437.535 163.024 162.023 436.567 153.352 157.206 433.957 145.316 107.366 422.736 154.761 152.789 422.605
000012_depth.png 168.435 167.105 437.588 163.023 162.021 436.580 153.352 157.206 434.034 145.316 107.363 422.720 154.757 152.789 422.832
000013_depth.png 167.467 163.305 446.356 162.004 155.331 436.853 150.807 149.228 449.740 145.849 103.258 403.172 144.686 152.762 455.225
000014_depth.png 168.286 163.582 441.312 164.093 156.094 435.325 152.792 148.877 440.720 147.061 105.578 417.599 145.871 152.174 448.689
000015_depth.png 169.807 163.081 443.645 163.296 154.985 437.600 153.538 147.978 441.982 145.980 103.892 417.086 145.952 152.464 452.418
000016_depth.png 165.866 159.375 443.674 162.193 154.417 440.346 157.735 151.590 436.843 147.732 100.482 398.108 141.737 143.468 420.007
000017_depth.png 167.040 159.259 441.157 163.908 155.090 430.306 158.688 150.898 439.438 149.149 101.249 408.605 142.756 142.438 420.619
000018_depth.png 152.916 161.281 421.866 150.207 159.823 403.142 137.534 148.713 410.531 151.277 102.221 412.452 133.503 145.526 412.770
000019_depth.png 153.226 161.801 424.130 150.313 160.504 406.813 137.797 148.040 412.396 151.703 102.144 413.157 133.625 144.979 413.765
000020_depth.png 153.259 161.844 424.035 150.313 160.515 406.807 137.797 148.040 412.393 151.573 102.698 413.749 133.714 144.992 413.780
000021_depth.png 153.341 162.205 423.687 150.241 160.516 406.689 137.479 148.000 412.520 151.637 102.413 412.956 133.297 144.995 413.243
000022_depth.png 154.081 162.649 428.207 148.075 159.414 415.411 135.820 146.979 418.186 150.868 101.818 395.664 133.123 143.148 411.728
000023_depth.png 154.114 162.308 427.514 148.750 159.038 411.045 135.832 146.881 417.782 151.526 102.733 415.387 132.789 142.500 413.666
000024_depth.png 154.241 162.406 427.257 148.750 159.386 410.873 136.374 146.983 417.955 151.500 102.673 415.467 132.250 142.848 414.143
000025_depth.png 155.378 162.241 421.690 150.022 159.680 407.472 136.405 145.966 413.098 153.272 103.878 410.835 133.398 142.834 408.491
000026_depth.png 136.284 171.170 379.357 138.514 169.328 384.929 139.340 152.199 392.336 153.492 110.778 419.919 129.217 145.714 391.249
000027_depth.png 155.353 163.384 429.032 147.001 158.748 418.213 136.307 146.410 420.302 152.301 103.468 417.954 132.573 142.800 414.931
000028_depth.png 155.534 162.594 424.700 149.607 159.728 411.448 136.552 145.584 416.494 153.422 104.526 413.884 133.501 142.128 411.032
000029_depth.png 137.739 170.730 388.898 140.534 169.341 390.884 140.530 149.705 399.314 157.311 112.880 427.189 129.850 141.305 394.443
000030_depth.png 137.733 170.610 390.032 140.530 169.312 391.459 140.528 149.663 400.208 157.258 112.911 428.295 129.162 141.307 394.771
000031_depth.png 137.943 169.327 389.988 140.529 168.208 391.252 140.534 148.286 400.219 157.150 111.460 428.331 129.142 140.056 394.595
000032_depth.png 137.438 167.491 385.592 140.218 167.033 386.205 141.629 146.945 395.218 158.098 110.345 423.910 130.007 138.470 390.030
000033_depth.png 137.800 167.387 385.686 140.633 166.993 385.998 142.114 146.895 395.216 158.573 110.333 423.915 130.507 137.273 389.843
000034_depth.png 138.173 169.531 379.773 141.657 166.973 374.009 142.857 146.591 389.349 157.155 103.878 385.388 131.127 136.062 378.101
000035_depth.png 137.513 165.785 379.648 140.274 165.434 380.257 143.071 145.117 389.163 159.856 110.992 419.011 131.625 135.166 384.192
000036_depth.png 137.367 164.480 376.654 140.147 164.099 377.341 143.793 143.647 386.258 159.857 110.570 416.161 131.439 133.624 381.111
000037_depth.png 137.575 162.912 376.768 139.874 162.672 377.289 143.859 142.373 386.251 159.906 109.254 416.018 132.845 132.102 381.264
000038_depth.png 137.699 162.904 372.672 140.622 162.641 373.578 145.017 143.431 381.822 161.185 109.572 412.869 133.025 132.157 377.364
000039_depth.png 143.537 166.834 354.949 145.751 158.234 366.279 149.831 145.500 365.827 160.722 105.990 417.731 133.156 129.940 358.590
000040_depth.png 144.116 165.277 351.065 146.664 157.457 362.041 149.589 144.047 361.620 160.614 104.464 413.553 133.573 128.046 354.322
000041_depth.png 144.457 164.379 351.761 146.376 156.216 361.981 149.420 142.585 361.594 160.632 103.183 413.403 133.699 126.650 354.305
000042_depth.png 143.564 164.603 357.208 146.416 156.318 355.297 149.151 141.657 351.668 159.004 96.094 381.774 134.642 127.584 349.978
000043_depth.png 139.019 158.452 369.882 140.369 158.997 368.840 144.984 137.683 379.165 161.206 105.188 408.459 135.342 126.374 373.675
000044_depth.png 138.889 158.809 362.018 140.404 159.197 361.265 145.304 136.589 371.699 160.970 104.184 400.721 136.154 126.333 366.054
000045_depth.png 138.487 158.598 364.064 139.723 159.221 362.860 144.003 136.600 373.115 159.559 104.486 402.588 134.727 126.065 367.897
000046_depth.png 139.126 158.522 359.799 139.203 159.300 359.625 144.738 136.908 376.322 158.608 104.830 398.648 134.476 128.638 363.865
000047_depth.png 137.816 159.277 360.992 138.605 159.232 361.634 143.799 137.452 372.299 158.646 103.835 400.384 133.978 128.540 366.238
000048_depth.png 138.257 159.104 364.062 138.889 159.097 364.611 144.591 136.998 375.484 158.691 104.167 403.359 134.281 128.610 369.190
000049_depth.png 138.803 158.843 359.505 138.998 159.217 359.651 143.809 136.775 376.529 157.242 103.764 398.223 132.965 128.571 363.828
000050_depth.png 138.015 159.259 361.026 138.458 159.231 361.624 143.946 137.451 372.355 158.309 104.754 400.950 133.940 128.519 366.203
000051_depth.png 138.985 160.186 359.643 139.054 160.720 359.648 143.746 138.255 376.495 157.194 105.152 398.334 132.968 130.086 363.827
000052_depth.png 138.374 163.137 366.278 138.353 163.055 366.823 143.470 140.761 378.172 156.155 105.965 405.147 131.633 132.868 371.041
000053_depth.png 137.585 164.717 371.091 138.018 164.708 371.748 141.560 142.137 383.907 155.871 108.275 409.908 130.307 134.376 375.700
000054_depth.png 135.923 165.656 366.227 136.776 165.271 368.427 139.798 142.956 379.939 153.108 108.075 405.697 128.213 136.072 371.930
000055_depth.png 135.452 167.041 365.161 136.813 166.765 367.502 139.724 144.346 379.405 152.932 107.974 404.746 126.540 137.197 370.344
000056_depth.png 135.444 166.786 367.199 136.797 166.781 369.332 139.761 144.508 381.094 153.007 107.892 406.941 126.490 137.167 372.243
000057_depth.png 135.012 166.890 363.213 136.523 166.939 365.128 139.526 144.500 376.827 152.943 107.351 402.962 126.197 138.500 368.723
000058_depth.png 141.917 174.914 359.412 143.434 167.622 343.068 142.034 147.339 351.110 146.844 100.362 370.624 126.493 139.147 365.142
000059_depth.png 136.704 168.885 363.814 138.145 168.891 366.155 139.485 146.525 377.821 152.512 108.708 404.155 127.128 142.023 368.767
000060_depth.png 166.667 163.984 424.605 162.167 164.471 409.663 137.959 147.982 384.633 147.119 104.093 392.122 134.314 142.561 382.815
000061_depth.png 164.525 162.187 426.253 160.152 163.661 411.465 137.199 149.875 385.810 143.858 103.370 392.811 133.554 142.697 383.878
000062_depth.png 163.531 162.624 423.788 159.018 163.639 410.936 136.979 150.539 384.848 143.071 104.212 393.212 132.700 146.214 383.156
000063_depth.png 164.500 163.683 422.098 159.064 164.575 407.054 136.445 151.345 381.866 142.774 104.433 389.160 132.023 146.826 380.402
000064_depth.png 164.082 162.990 428.704 157.310 163.872 418.453 136.320 152.081 381.118 140.611 102.407 371.237 131.248 146.350 382.261
000065_depth.png 164.008 161.759 420.169 156.910 163.708 406.218 136.682 152.961 379.569 140.135 103.715 387.298 131.626 147.380 379.521
000066_depth.png 166.499 162.145 415.581 158.974 163.766 401.720 139.496 153.163 375.227 140.869 103.587 383.212 133.534 147.314 375.545
000067_depth.png 166.004 163.639 417.629 158.022 164.045 404.965 137.795 154.451 376.971 138.264 104.406 384.965 132.024 148.619 377.485
000068_depth.png 165.021 162.688 418.790 157.184 162.443 405.674 136.674 153.945 377.743 134.927 104.105 386.446 130.717 148.992 379.591
000069_depth.png 165.499 157.077 409.730 151.790 156.621 382.545 138.077 145.897 392.481 125.891 102.750 368.418 135.030 144.870 378.352
000070_depth.png 164.828 157.372 407.488 150.145 155.234 388.804 137.441 148.277 394.939 121.666 100.968 348.429 134.407 145.284 377.168
000071_depth.png 164.018 158.119 406.229 150.097 156.424 378.861 135.797 147.599 387.280 119.616 103.263 364.627 131.512 131.649 373.846
000072_depth.png 164.459 156.828 406.717 149.565 155.882 379.690 135.639 147.654 388.331 119.860 103.386 365.725 130.194 133.189 374.986
000073_depth.png 173.603 168.968 376.707 162.596 165.491 375.568 155.387 160.219 382.775 122.901 109.574 382.667 149.504 145.068 372.003
000074_depth.png 173.359 168.410 374.573 162.258 164.549 374.247 154.781 159.049 380.498 121.115 109.619 380.382 147.966 145.088 370.998
000075_depth.png 173.208 168.022 377.517 162.211 164.604 377.465 154.353 159.208 384.161 121.201 111.200 383.832 147.906 145.070 374.052
000076_depth.png 173.943 167.966 379.489 162.930 163.414 378.897 152.961 160.279 384.886 117.193 111.945 384.593 145.187 143.735 373.944
000077_depth.png 174.074 167.562 382.574 162.856 163.183 381.888 153.360 160.732 387.236 116.025 113.699 387.684 144.903 143.231 377.243
000078_depth.png 168.634 162.772 374.303 160.844 159.549 377.019 146.646 158.047 368.647 113.615 115.285 375.866 148.186 145.757 393.567
000079_depth.png 168.632 162.767 374.161 160.791 159.631 377.502 146.648 159.632 368.538 109.849 118.716 375.352 146.647 146.780 394.425
000080_depth.png 168.025 163.048 374.654 156.526 156.706 379.528 139.844 155.383 380.468 103.651 115.729 351.776 144.540 151.989 372.364
000081_depth.png 169.919 163.933 377.204 156.095 157.163 375.428 140.658 156.709 381.633 100.138 113.069 328.645 143.346 152.565 375.276
000082_depth.png 163.603 162.770 386.235 156.335 155.258 390.880 141.395 154.010 388.867 102.837 117.866 356.785 144.563 150.702 375.790
000083_depth.png 164.711 162.818 381.950 156.836 154.305 386.928 142.289 154.196 386.143 101.848 118.076 352.976 143.894 149.536 372.500
000084_depth.png 164.794 162.589 381.751 155.422 153.676 383.268 143.163 154.695 386.676 97.378 113.765 322.422 143.629 151.079 366.581
000085_depth.png 163.914 161.227 380.901 155.547 153.048 386.149 141.493 154.149 384.520 99.068 118.412 351.820 143.094 149.500 371.454
000086_depth.png 163.914 159.965 381.048 155.882 152.454 385.990 141.493 152.640 384.563 99.409 117.278 351.737 144.696 149.302 370.799
000087_depth.png 163.915 158.441 380.947 155.674 150.834 385.915 141.492 151.102 384.373 100.158 114.993 351.899 144.692 147.316 370.835
000088_depth.png 164.268 159.203 380.496 156.804 151.117 384.882 143.417 150.877 384.146 104.350 111.342 350.983 146.651 147.870 370.002
000089_depth.png 164.972 158.886 379.474 158.579 151.141 383.590 145.556 149.463 383.757 108.214 109.259 350.403 148.797 147.335 369.190
000090_depth.png 174.724 167.975 371.332 168.607 166.398 368.944 155.282 159.397 366.864 121.645 107.475 372.920 154.743 147.000 385.715
000091_depth.png 176.038 168.379 373.144 169.922 166.343 370.169 155.789 160.395 367.992 124.245 107.562 375.427 155.802 147.498 389.133
000092_depth.png 174.115 168.772 378.681 168.593 166.140 374.298 154.477 159.477 373.397 124.899 106.664 380.737 154.613 147.106 393.972
000093_depth.png 175.332 156.428 385.115 166.186 155.357 392.611 155.825 148.978 383.761 125.703 96.199 340.670 153.255 146.076 365.576
000094_depth.png 175.388 155.243 393.671 166.195 155.405 397.326 156.541 148.096 392.441 130.796 99.630 373.025 153.985 144.771 372.227
000095_depth.png 175.047 154.495 392.812 165.719 155.128 396.321 156.597 148.010 391.539 132.993 98.176 372.081 153.282 143.955 371.548
000096_depth.png 175.279 155.438 393.084 165.719 155.746 396.976 156.392 147.575 391.460 136.043 97.779 371.981 153.280 143.993 371.572
000097_depth.png 179.251 164.381 391.552 166.187 158.245 390.489 157.065 153.632 387.968 140.207 94.290 350.723 155.331 143.505 379.296
000098_depth.png 178.848 164.320 390.870 166.655 159.902 389.886 157.422 154.790 389.758 143.297 100.314 372.963 155.868 143.976 380.908
000099_depth.png 180.125 163.608 400.955 173.030 159.020 405.686 159.831 151.369 398.770 151.633 95.409 362.683 161.338 146.564 383.638
000100_depth.png 180.894 163.179 399.737 175.114 158.750 399.028 162.878 152.433 397.502 155.226 99.801 385.610 164.393 148.110 385.261
000101_depth.png 179.791 172.497 389.999 174.117 166.434 390.428 166.499 155.655 399.998 159.178 98.752 380.245 164.969 151.325 392.778
000102_depth.png 180.143 173.363 391.300 175.578 167.427 392.564 166.486 154.972 402.027 161.795 100.226 382.246 166.282 152.063 394.624
000103_depth.png 181.717 174.047 389.237 177.122 166.681 390.400 169.459 154.803 399.346 169.930 100.953 380.247 169.313 152.001 392.323
000104_depth.png 183.094 173.671 392.340 178.547 166.706 393.305 170.969 154.754 402.310 174.307 102.847 383.355 170.922 151.914 394.701
000105_depth.png 182.261 168.252 414.036 179.574 163.278 417.775 172.696 155.463 400.213 181.339 99.545 375.389 171.992 147.229 396.782
000106_depth.png 183.726 169.965 419.761 180.804 164.658 425.558 176.421 156.658 411.407 183.861 106.999 413.464 174.961 148.858 407.477
000107_depth.png 187.837 173.423 418.031 182.055 166.106 409.750 179.164 159.812 421.853 187.075 108.396 418.330 177.695 147.390 404.484
000108_depth.png 188.582 173.639 414.131 182.828 166.414 405.807 179.083 160.116 418.241 189.460 108.336 414.050 178.560 147.475 400.267
000109_depth.png 189.011 172.742 413.783 183.107 165.103 403.717 180.380 159.640 406.663 193.441 105.822 389.295 179.102 147.818 393.815
000110_depth.png 187.967 172.296 406.716 181.945 164.845 398.610 179.122 159.007 408.782 191.430 108.083 407.443 178.900 147.028 392.198
000111_depth.png 189.331 171.907 406.314 183.490 164.624 399.968 179.792 159.039 410.326 191.813 107.005 406.031 179.692 145.797 391.886
000112_depth.png 189.500 170.603 403.344 183.479 163.580 396.378 179.315 159.171 407.216 190.677 106.561 403.268 179.444 145.658 389.844
000113_depth.png 191.527 169.236 402.411 185.515 162.451 396.028 180.991 159.241 406.261 190.573 105.749 401.934 179.483 145.484 388.938
000114_depth.png 189.089 170.893 409.237 185.275 161.168 402.271 178.144 152.456 410.578 194.863 102.407 379.859 178.196 145.624 402.859
000115_depth.png 190.008 170.402 415.241 186.991 160.260 398.928 177.945 152.113 411.529 189.594 108.723 409.158 177.935 145.687 409.518
000116_depth.png 190.498 168.278 415.123 187.052 158.567 398.650 178.483 149.992 411.785 189.829 105.644 408.490 178.021 143.505 410.896
000117_depth.png 190.633 165.703 413.723 187.484 155.183 396.301 176.876 146.807 409.868 186.896 101.734 406.389 176.895 140.801 410.037
000118_depth.png 190.056 164.307 411.694 186.977 153.300 394.238 176.305 145.430 407.926 184.779 99.803 404.725 176.313 139.397 408.122
000119_depth.png 189.517 163.665 415.581 186.297 152.778 399.326 174.438 143.923 412.206 181.743 99.668 408.368 174.438 138.053 412.586
000120_depth.png 194.154 160.949 400.448 184.881 155.083 404.245 172.831 145.976 397.694 173.252 93.345 390.350 171.312 138.496 413.662
000121_depth.png 192.812 158.801 396.575 183.579 154.524 401.130 171.763 143.961 393.304 171.108 91.379 386.272 169.878 137.554 409.893
000122_depth.png 192.597 156.491 396.575 183.647 152.038 401.093 171.267 141.426 393.296 169.728 89.945 386.204 169.736 135.259 409.322
000123_depth.png 192.464 155.425 394.002 184.335 150.610 397.709 172.058 139.867 385.378 169.010 85.206 359.773 168.302 132.689 406.241
000124_depth.png 191.445 154.044 395.292 182.471 148.370 400.816 169.300 138.334 393.546 163.985 86.897 385.884 166.868 131.552 413.016
000125_depth.png 190.921 153.778 397.004 182.550 148.841 401.270 170.502 139.697 394.799 162.464 87.773 386.717 166.076 132.916 415.298
000126_depth.png 190.978 153.913 401.061 182.691 150.038 406.146 169.711 139.720 399.836 159.619 89.984 391.718 165.125 134.407 420.745
000127_depth.png 190.054 154.099 377.491 179.585 150.338 387.034 167.087 145.636 388.758 153.842 89.997 370.591 167.802 134.855 410.684
000128_depth.png 186.578 162.098 385.230 179.310 158.469 382.933 165.359 153.089 383.035 149.475 100.176 389.270 165.259 139.538 394.544
000129_depth.png 188.091 155.838 405.647 175.948 148.613 394.569 167.575 144.985 405.850 150.192 109.319 433.157 160.996 132.245 400.780
000130_depth.png 185.874 156.828 390.428 176.969 149.692 401.578 165.336 149.970 397.788 134.543 106.463 399.120 160.642 139.397 425.041
000131_depth.png 184.635 158.413 394.969 176.439 150.537 393.241 163.798 149.421 390.319 130.114 102.738 372.027 159.469 140.654 422.780
000132_depth.png 185.486 158.022 385.049 175.778 151.158 396.726 164.398 151.595 393.818 127.899 111.606 394.667 158.403 142.108 421.453
000133_depth.png 182.577 157.188 385.990 174.179 153.307 388.803 160.219 152.742 382.860 123.075 112.572 390.385 160.882 141.997 406.972
000134_depth.png 182.950 158.534 384.884 174.606 154.908 384.057 159.919 153.530 373.502 120.158 108.641 348.787 160.724 142.407 399.475
000135_depth.png 182.922 157.588 379.128 175.188 154.249 382.533 161.265 154.508 373.971 123.483 115.982 382.175 161.268 143.181 399.163
000136_depth.png 180.493 156.460 379.205 172.668 153.372 382.345 158.726 154.719 373.684 122.467 116.511 382.297 159.825 144.055 397.032
000137_depth.png 178.499 157.090 376.187 170.769 153.938 379.441 156.625 154.893 370.154 118.792 116.955 378.954 156.210 143.113 395.740
000138_depth.png 179.062 158.198 375.292 171.212 154.968 378.520 157.077 156.321 369.526 119.383 117.888 378.129 157.061 144.102 393.983
000139_depth.png 178.633 157.633 375.269 170.779 154.479 378.422 156.650 155.609 369.345 118.932 117.482 378.001 156.615 143.560 394.380
000140_depth.png 179.170 155.286 374.118 171.071 152.373 377.391 157.266 153.446 368.830 121.113 114.371 377.289 158.820 142.767 391.644
000141_depth.png 181.125 159.978 367.472 174.750 152.132 374.517 160.406 147.380 368.454 123.301 110.578 382.999 153.749 136.203 378.517
000142_depth.png 181.474 159.443 367.361 174.088 151.553 374.483 160.775 146.967 368.729 125.572 109.083 382.645 153.290 135.930 378.024
000143_depth.png 184.312 164.133 372.923 173.012 154.385 380.951 158.812 147.929 380.651 128.148 102.167 370.949 154.031 132.410 376.961
000144_depth.png 185.905 164.096 373.978 174.749 153.896 381.550 160.405 148.276 380.990 131.618 100.906 371.785 157.218 132.803 377.739
000145_depth.png 182.824 165.207 369.329 175.881 159.584 365.655 162.121 156.294 364.806 134.021 100.212 372.253 161.614 143.666 385.026
000146_depth.png 185.507 150.906 384.861 175.694 150.896 388.538 167.893 144.736 385.575 137.101 97.038 365.204 162.668 141.588 362.964
000147_depth.png 189.101 166.287 381.729 179.607 154.192 375.699 167.776 153.414 380.640 140.627 90.874 329.404 165.528 142.256 385.469
000148_depth.png 190.781 168.578 378.879 182.552 158.158 389.021 168.688 153.144 387.626 145.876 99.104 371.233 165.759 136.648 376.069
000149_depth.png 190.973 168.399 380.795 183.150 157.993 391.107 169.235 153.494 389.285 148.008 98.632 372.821 166.540 136.188 377.823
000150_depth.png 191.252 168.020 378.766 184.468 158.192 389.084 170.267 153.820 386.959 152.391 97.999 371.017 168.957 136.348 375.203
000151_depth.png 194.749 157.578 384.785 183.812 154.000 384.374 174.416 149.197 384.512 159.642 93.600 366.691 172.844 138.185 371.963
000152_depth.png 193.519 157.361 395.701 186.786 152.189 394.945 173.813 146.149 392.394 163.189 91.756 380.504 175.561 141.317 380.564
000153_depth.png 193.612 156.326 408.728 185.129 146.734 403.133 170.717 140.547 407.468 164.403 91.759 382.380 163.714 145.188 419.366
000154_depth.png 193.698 157.706 410.626 184.546 146.878 405.138 170.837 140.885 409.092 168.952 92.393 384.158 163.223 145.183 421.841
000155_depth.png 194.797 170.726 397.363 188.960 162.715 398.897 177.023 150.453 407.304 177.237 97.291 387.827 176.810 147.946 400.866
000156_depth.png 196.449 171.008 395.928 190.943 163.248 397.375 179.034 151.142 405.792 180.386 98.433 386.852 178.971 148.103 399.243
000157_depth.png 196.618 169.867 395.450 191.063 165.003 391.356 180.398 156.857 396.579 181.793 97.441 383.759 180.899 143.517 384.817
000158_depth.png 197.944 170.724 395.419 192.060 166.578 391.115 181.454 157.035 396.337 184.327 99.859 385.526 182.011 145.030 389.227
000159_depth.png 196.389 172.232 404.370 191.850 167.234 399.982 180.123 156.726 404.837 184.953 101.024 392.958 181.522 145.057 394.033
000160_depth.png 197.274 172.490 396.677 191.246 166.848 393.032 181.113 156.861 398.452 187.553 96.685 355.397 181.326 146.328 390.868
000161_depth.png 197.000 171.654 399.001 191.000 166.540 394.274 180.497 157.059 398.836 184.895 100.425 388.472 181.685 145.500 390.976
000162_depth.png 195.064 172.245 393.835 190.531 165.742 395.169 179.977 154.080 404.082 183.310 100.797 385.029 179.619 151.039 397.930
000163_depth.png 196.856 173.818 395.593 191.136 165.210 391.626 179.496 154.226 403.785 184.967 96.234 350.651 178.860 150.958 397.197
000164_depth.png 198.636 171.893 394.992 191.062 165.172 390.417 180.450 156.315 395.667 182.118 99.291 384.813 181.208 143.997 386.722
000165_depth.png 198.641 170.324 391.705 192.579 163.860 393.538 181.964 152.067 402.578 180.453 98.028 383.130 181.704 149.064 395.694
000166_depth.png 197.250 169.156 387.849 191.125 162.768 389.218 181.607 152.188 398.894 177.561 96.743 379.242 181.778 148.724 391.121
000167_depth.png 198.210 167.499 387.622 191.125 161.211 389.518 181.685 150.656 398.414 174.468 96.439 379.341 181.084 147.474 391.404
000168_depth.png 200.843 158.263 398.519 193.185 153.662 398.876 178.888 148.338 394.640 169.846 96.959 385.210 182.469 144.532 382.166
000169_depth.png 198.416 158.383 401.934 190.611 154.279 401.492 176.886 148.477 398.210 168.401 98.144 388.155 178.476 143.972 386.892
000170_depth.png 199.733 158.303 401.299 190.932 154.688 401.107 178.383 148.587 397.493 168.270 98.374 386.955 178.806 144.003 386.282
000171_depth.png 197.195 166.843 391.934 189.113 159.568 399.756 177.413 152.155 404.700 163.051 105.135 399.761 172.691 138.514 399.421
000172_depth.png 196.686 167.082 391.843 188.440 159.736 399.578 176.877 152.157 404.254 157.801 106.732 399.563 170.610 139.781 399.963
000173_depth.png 196.250 170.893 382.554 187.114 164.594 378.659 174.811 162.476 377.792 150.835 108.495 386.373 175.403 150.027 396.553
000174_depth.png 194.490 172.893 378.213 188.352 166.928 374.265 174.532 164.488 373.127 148.147 109.236 382.356 174.278 151.759 393.850
000175_depth.png 194.945 173.960 376.869 185.590 166.727 369.206 173.304 164.876 371.737 143.032 106.010 343.447 171.727 151.824 393.351
000176_depth.png 196.741 171.906 385.176 186.125 168.843 386.537 175.458 165.780 392.115 142.301 118.829 394.317 167.750 149.808 379.944
000177_depth.png 194.109 171.216 381.478 184.827 169.235 382.440 175.723 166.886 387.185 142.804 119.568 390.188 167.827 151.207 374.930
000178_depth.png 191.396 176.083 380.901 180.431 166.969 389.075 166.078 160.464 388.148 138.351 114.698 379.706 162.297 144.516 385.108
000179_depth.png 190.312 176.975 379.840 179.375 167.785 388.085 165.301 161.024 387.326 136.801 115.300 378.665 160.624 145.233 384.262
000180_depth.png 189.714 176.679 375.078 176.365 168.347 381.575 165.179 162.996 363.973 131.674 112.564 345.549 163.624 151.573 382.970
000181_depth.png 183.501 174.755 373.406 175.364 169.912 370.048 162.257 168.469 367.934 132.883 114.872 377.657 161.618 154.898 390.107
000182_depth.png 184.447 175.114 366.428 176.306 170.186 363.069 162.887 167.484 360.794 134.403 113.533 370.947 162.663 154.768 383.352
000183_depth.png 187.530 174.236 372.867 178.511 165.091 379.364 163.624 159.469 380.338 138.510 110.671 370.120 161.278 141.785 376.760
000184_depth.png 187.626 175.925 370.851 181.023 169.470 367.250 167.111 166.886 366.190 140.070 109.553 373.763 167.110 152.676 384.770
000185_depth.png 192.881 172.086 383.655 182.375 162.444 381.796 169.625 160.997 383.477 143.638 106.711 365.687 168.088 150.509 385.825
000186_depth.png 190.097 172.520 370.915 181.149 163.679 378.265 169.096 158.529 379.485 147.639 106.208 368.917 167.490 138.826 373.543
000187_depth.png 194.181 173.190 376.206 186.258 162.900 385.393 171.899 158.572 384.325 152.635 103.920 370.233 171.145 143.796 372.041
000188_depth.png 194.062 173.833 379.329 186.208 163.083 389.012 172.077 157.953 387.404 152.928 103.657 373.198 170.686 143.030 375.050
000189_depth.png 193.524 164.106 390.677 185.797 156.566 398.317 174.658 152.648 389.156 160.278 102.935 404.938 172.331 140.624 405.260
000190_depth.png 194.697 166.179 391.387 187.429 157.737 399.850 177.961 152.394 386.531 162.413 97.405 378.109 174.843 141.298 404.986
000191_depth.png 192.559 173.590 380.363 186.541 165.645 377.205 173.229 163.197 375.484 162.250 106.677 382.690 177.071 149.743 388.802
000192_depth.png 193.467 164.871 391.343 185.577 155.566 380.443 182.323 155.336 388.651 166.232 115.952 420.659 176.983 142.316 385.857
000193_depth.png 189.274 163.962 396.092 182.847 157.244 394.747 176.136 149.971 395.135 163.547 102.039 395.553 176.317 137.982 376.140
000194_depth.png 188.063 164.535 391.545 183.199 158.174 390.169 177.012 149.944 396.856 164.616 108.470 410.107 176.738 137.824 376.178
000195_depth.png 189.187 165.249 393.648 184.406 159.588 393.021 176.445 152.934 399.779 167.656 110.482 413.976 178.018 138.438 378.340
000196_depth.png 189.125 165.178 398.617 184.437 159.060 397.945 176.616 152.375 405.126 168.391 110.931 418.884 178.168 138.628 383.226
000197_depth.png 180.038 165.715 375.690 172.064 158.869 349.328 168.909 155.794 348.328 167.403 117.032 425.956 162.632 150.097 393.562
000198_depth.png 180.121 167.057 379.648 172.251 160.423 352.749 169.125 157.274 352.240 169.085 120.211 430.938 162.906 152.708 396.617
000199_depth.png 180.967 167.296 377.084 173.050 161.105 351.029 168.643 157.340 351.665 167.623 117.009 424.972 163.623 152.846 396.489
000200_depth.png 180.945 168.648 380.438 173.231 161.918 353.895 169.734 158.696 353.375 169.735 121.735 431.943 163.968 154.500 397.436
000201_depth.png 181.813 169.068 386.598 174.154 162.264 360.014 169.006 159.187 359.681 170.814 122.793 438.045 164.704 154.593 404.596
000202_depth.png 181.847 169.383 384.088 173.658 162.875 357.564 168.997 159.726 357.439 173.411 128.923 437.361 164.829 154.751 402.763
000203_depth.png 182.686 171.491 373.676 175.211 164.329 350.203 170.484 161.348 348.924 173.020 128.186 428.509 164.644 157.234 391.223
000204_depth.png 182.701 171.550 373.496 175.149 164.493 350.213 170.438 161.396 348.928 173.013 128.172 428.520 164.858 157.372 391.098
000205_depth.png 184.643 171.501 376.033 177.365 163.928 352.757 172.633 161.022 351.692 174.697 131.079 432.221 165.966 157.414 393.892
000206_depth.png 183.451 172.195 379.019 175.953 165.385 355.168 171.289 162.233 353.713 173.424 129.876 433.608 165.070 158.750 396.365
000207_depth.png 183.506 171.119 375.446 175.794 165.498 351.870 171.029 162.345 350.345 173.593 131.031 430.900 164.725 158.011 393.748
000208_depth.png 183.471 171.065 375.608 175.797 165.517 352.012 171.537 162.353 350.365 173.549 129.652 430.589 164.842 158.221 393.750
000209_depth.png 185.370 170.779 371.366 177.653 164.603 346.681 172.873 161.429 345.476 175.267 127.907 425.813 166.499 157.335 387.288
000210_depth.png 183.308 169.896 375.833 177.273 163.297 348.489 172.485 159.913 350.332 175.015 128.103 429.476 167.054 156.670 392.766
000211_depth.png 183.308 169.895 382.111 176.500 163.295 353.716 171.844 160.291 354.937 173.840 126.382 434.222 167.133 157.129 398.398
000212_depth.png 183.323 170.254 379.573 175.270 161.367 351.889 171.943 156.923 353.403 173.392 124.771 431.697 165.868 154.962 395.353
000213_depth.png 183.298 170.026 379.270 175.658 160.718 350.815 171.834 156.538 352.429 170.248 123.173 430.281 165.940 154.721 394.549
000214_depth.png 199.303 166.621 393.911 190.947 157.673 394.168 182.829 154.202 390.445 168.534 113.248 408.534 179.677 144.455 387.891
000215_depth.png 199.926 164.995 391.723 190.498 157.280 381.324 181.967 154.210 388.611 167.051 118.671 422.593 178.111 144.655 391.578
000216_depth.png 199.013 164.144 396.743 189.671 156.381 386.290 181.371 153.273 393.670 165.387 118.652 427.700 177.166 143.936 396.918
000217_depth.png 198.383 162.528 395.613 187.723 154.828 385.328 178.172 151.121 392.380 162.110 118.521 426.734 175.060 143.842 396.295
000218_depth.png 196.374 161.876 397.217 184.027 154.828 387.383 174.923 151.734 394.106 158.483 119.233 428.244 171.600 144.011 397.601
000219_depth.png 197.222 162.572 397.022 183.501 154.853 386.105 174.185 151.829 393.061 157.767 119.970 427.297 171.057 144.055 397.006
000220_depth.png 195.796 165.350 380.863 187.273 163.713 380.326 176.894 159.932 387.356 152.423 116.195 393.687 171.850 146.268 374.528
000221_depth.png 195.313 165.168 386.889 186.125 162.183 386.582 174.132 158.915 393.823 148.237 119.093 400.655 169.232 145.845 380.010
000222_depth.png 194.015 165.006 386.154 184.739 162.000 385.443 173.211 158.935 392.916 145.725 119.114 399.173 166.642 146.536 379.721
000223_depth.png 190.781 164.995 379.352 181.400 159.018 390.315 170.848 161.742 386.664 139.441 121.592 398.043 164.691 151.855 416.731
000224_depth.png 189.844 167.404 378.549 180.657 161.753 389.466 170.639 164.262 385.575 136.897 124.837 397.040 162.719 154.635 415.950
000225_depth.png 187.188 166.690 387.943 178.305 158.763 391.159 164.454 157.613 397.064 134.408 129.662 412.382 161.450 147.669 415.432
000226_depth.png 187.188 166.679 388.038 177.640 159.609 391.000 164.936 159.663 397.491 134.379 131.157 412.459 161.420 149.084 415.482
000227_depth.png 184.844 166.492 384.271 176.082 159.007 386.932 161.875 159.011 393.712 131.557 131.893 409.324 158.331 148.567 411.660
000228_depth.png 183.824 165.543 382.051 175.234 158.041 384.729 161.295 158.445 391.547 131.483 130.730 409.396 157.101 148.504 411.212
000229_depth.png 184.315 165.532 379.084 174.380 157.633 382.072 162.455 159.275 388.201 131.362 131.123 403.978 159.143 148.972 408.009
000230_depth.png 185.097 166.293 373.696 176.053 158.768 377.136 162.044 159.063 388.859 129.201 127.930 401.152 157.816 148.450 403.138
000231_depth.png 185.187 164.831 376.963 176.069 157.250 379.998 163.309 156.837 386.293 132.727 129.545 401.431 160.189 147.243 405.208
000232_depth.png 186.834 165.205 368.871 179.355 160.016 376.187 167.914 158.561 370.922 136.196 124.386 388.133 159.617 146.636 380.354
000233_depth.png 189.773 168.307 371.690 181.919 160.480 378.588 169.360 158.165 373.129 137.952 122.525 389.567 161.508 145.615 381.756
000234_depth.png 190.518 167.570 377.792 183.043 159.881 384.368 170.195 155.459 371.401 137.389 114.738 363.816 162.746 144.416 386.758
000235_depth.png 193.359 167.654 370.841 186.984 160.186 377.004 174.033 155.368 370.792 144.761 117.559 385.574 168.108 144.022 381.582
000236_depth.png 200.487 168.684 380.440 190.791 165.567 380.772 180.366 160.350 386.660 153.601 114.224 391.410 175.608 147.235 375.142
000237_depth.png 202.703 169.913 380.705 191.803 165.529 381.060 179.830 161.019 388.794 152.021 106.302 357.847 175.000 147.153 377.101
000238_depth.png 202.076 170.111 382.404 192.663 166.495 382.980 181.905 161.287 389.140 156.806 113.165 392.957 177.265 147.704 376.852
000239_depth.png 203.749 170.131 379.787 194.061 165.750 379.988 183.469 161.092 385.165 161.217 112.478 390.724 179.959 146.789 374.334
000240_depth.png 206.156 170.025 380.029 196.617 167.133 380.676 186.516 161.156 386.321 163.707 111.939 391.548 182.754 147.164 373.990
000241_depth.png 207.375 171.225 385.157 198.187 168.191 385.847 187.942 162.722 391.190 168.745 111.517 395.533 186.000 148.572 379.231
000242_depth.png 206.754 160.995 405.893 195.207 153.196 400.546 183.265 146.010 405.763 172.294 104.550 386.596 177.111 152.611 417.358
000243_depth.png 207.584 163.009 405.397 198.708 155.059 400.523 184.605 147.567 404.665 177.374 104.588 384.835 178.875 154.056 416.575
000244_depth.png 207.826 163.029 405.109 199.286 155.187 399.526 186.172 147.422 404.611 180.465 104.506 385.145 179.972 153.959 416.537
000245_depth.png 198.871 175.027 385.744 197.080 164.550 384.417 188.471 156.046 383.412 182.659 106.400 391.965 191.356 145.469 381.757
000246_depth.png 200.254 176.266 390.200 196.790 165.086 397.151 187.872 156.654 387.281 183.556 103.752 376.072 190.453 146.409 385.511
000247_depth.png 200.061 177.758 389.949 198.553 167.724 388.982 189.328 158.887 388.573 184.544 108.448 396.991 192.373 148.458 385.760
000248_depth.png 200.260 178.254 392.076 200.023 169.278 390.303 189.359 161.373 390.924 187.510 110.675 399.305 193.887 150.627 386.839
000249_depth.png 199.313 178.243 386.337 194.360 170.751 396.797 187.219 160.222 379.558 189.610 112.441 396.950 192.116 148.918 387.178
000250_depth.png 199.668 179.021 387.213 194.102 172.100 398.312 187.876 161.125 380.916 190.048 113.394 397.499 193.338 150.117 387.008
000251_depth.png 201.403 177.875 394.260 195.787 170.816 403.008 185.832 159.174 405.646 193.042 107.532 378.158 188.237 151.750 391.621
000252_depth.png 201.719 178.074 394.844 193.727 171.041 400.718 186.006 158.188 408.590 192.568 112.702 406.462 187.513 151.747 398.568
000253_depth.png 200.954 177.817 392.493 192.727 170.400 400.741 185.014 158.231 406.582 191.086 112.436 404.597 187.013 151.878 396.126
000254_depth.png 201.069 177.124 390.422 193.617 169.662 398.365 185.845 157.569 404.431 191.029 111.551 402.421 187.400 150.686 394.491
000255_depth.png 202.076 176.419 384.002 195.265 168.180 394.740 189.072 157.241 376.983 190.369 109.523 393.097 193.693 145.955 383.177
000256_depth.png 200.835 172.998 385.134 194.298 165.083 396.289 188.110 154.581 378.378 189.159 107.199 395.772 193.386 143.421 386.112
000257_depth.png 200.798 172.023 380.908 194.856 163.964 392.293 187.824 153.114 372.718 188.367 100.991 368.994 191.376 142.059 380.026
000258_depth.png 200.792 170.600 376.902 194.535 163.108 387.801 188.219 152.288 370.240 187.324 104.435 388.465 192.952 141.405 378.457
000259_depth.png 208.254 171.241 376.004 203.497 162.116 384.468 190.812 154.311 389.007 179.376 104.629 384.357 187.564 140.121 381.074
000260_depth.png 207.487 171.782 378.352 201.948 162.863 386.438 188.531 154.749 391.273 176.564 105.608 386.145 185.375 140.933 383.361
000261_depth.png 208.898 172.040 371.761 202.725 163.259 383.570 189.467 156.641 381.514 176.035 98.449 350.702 186.630 140.916 377.361
000262_depth.png 208.702 171.590 376.007 202.464 162.916 384.145 189.409 154.927 388.834 175.121 105.422 384.095 186.247 140.960 381.840
000263_depth.png 210.739 172.716 370.978 201.182 166.038 373.085 188.415 160.432 365.208 170.792 104.897 369.399 185.259 143.872 377.044
000264_depth.png 209.621 173.007 372.937 200.900 165.584 367.157 185.878 159.769 369.160 167.437 100.324 340.753 185.048 144.222 378.688
000265_depth.png 205.726 175.367 365.564 197.769 168.887 361.614 185.188 165.145 360.591 164.218 106.527 368.019 185.899 151.660 375.454
000266_depth.png 205.978 173.739 368.251 196.779 167.305 364.578 184.022 164.519 363.807 160.728 107.294 372.307 185.194 151.509 382.763
000267_depth.png 209.529 172.688 371.075 197.859 168.415 371.919 188.180 164.052 378.759 159.130 112.521 380.360 179.879 147.555 365.870
000268_depth.png 203.132 175.735 369.763 195.150 169.606 365.764 179.344 165.322 365.454 154.374 109.878 371.937 179.288 151.564 379.574
000269_depth.png 205.460 174.010 363.101 194.031 170.350 363.851 183.513 166.830 369.982 153.070 114.864 373.407 176.286 148.640 358.017
000270_depth.png 202.491 172.797 361.527 191.632 170.755 363.138 182.203 167.186 368.946 151.447 116.079 372.931 173.871 148.933 357.231
000271_depth.png 201.421 174.453 372.428 191.353 171.611 373.548 179.764 167.705 379.724 148.422 118.374 381.963 170.115 150.185 367.408
000272_depth.png 200.133 179.235 358.366 185.904 170.200 365.132 175.172 163.830 352.704 144.209 115.582 356.801 172.553 151.559 364.304
000273_depth.png 200.170 180.204 362.727 185.775 171.126 369.497 175.286 165.318 357.129 144.359 117.220 360.963 171.987 152.370 368.721
000274_depth.png 200.531 179.435 360.635 185.916 170.231 367.456 175.650 164.285 355.289 144.229 116.202 358.872 172.376 151.616 366.677
000275_depth.png 199.659 180.073 359.463 187.095 170.723 366.722 171.707 162.514 357.449 143.041 108.715 332.427 167.100 145.214 359.416
000276_depth.png 198.872 178.254 359.384 187.139 169.148 366.879 173.980 161.976 367.559 146.312 112.423 357.880 169.063 144.142 363.958
000277_depth.png 197.484 179.962 358.912 190.922 173.102 354.926 176.156 170.107 354.268 149.015 111.347 361.653 176.241 156.347 373.153
000278_depth.png 200.130 178.649 360.647 190.701 169.365 367.829 175.765 162.557 369.108 151.401 110.950 358.550 172.684 143.327 363.612
000279_depth.png 200.935 178.571 361.733 191.337 169.358 369.073 176.249 162.849 370.348 152.498 110.017 359.131 173.263 143.251 364.560
000280_depth.png 205.092 177.004 366.837 193.961 165.937 376.462 179.246 161.056 375.907 160.273 106.308 360.541 177.618 145.173 361.472
000281_depth.png 205.828 177.629 365.529 196.070 167.192 374.317 180.844 161.700 372.008 162.601 100.097 331.042 179.045 145.457 357.429
000282_depth.png 206.401 177.117 365.920 196.568 166.732 375.407 181.803 161.889 373.839 165.905 105.344 360.592 179.772 146.169 362.769
000283_depth.png 206.270 176.973 367.963 196.625 166.358 377.365 181.940 162.030 375.512 167.603 105.349 362.913 180.646 145.740 365.466
000284_depth.png 206.278 176.878 368.006 196.579 166.125 377.242 181.875 162.112 374.604 167.569 105.292 362.982 180.775 146.500 365.742
000285_depth.png 206.873 178.235 371.898 197.386 167.670 381.396 182.717 162.670 379.918 168.637 106.484 366.263 181.991 148.047 368.287
000286_depth.png 206.363 180.417 371.314 199.335 167.542 364.889 185.424 164.054 383.356 182.714 102.984 346.106 184.439 144.654 368.292
000287_depth.png 206.499 179.365 374.249 198.687 167.096 379.793 186.214 165.143 386.892 184.335 109.084 381.424 185.824 146.753 373.484
000288_depth.png 206.104 183.937 373.040 197.157 175.650 381.312 187.687 167.918 384.689 184.531 114.024 374.505 184.531 151.132 368.289
000289_depth.png 207.070 183.275 374.169 197.775 175.371 382.527 188.219 167.120 384.961 186.321 113.755 375.784 186.362 151.019 369.468
000290_depth.png 206.625 183.668 373.280 197.173 175.796 381.406 187.688 167.445 383.888 186.109 113.872 374.659 185.811 151.404 369.712
000291_depth.png 207.633 183.703 373.896 198.211 175.451 381.668 187.256 166.390 385.164 185.660 113.823 375.801 186.178 150.928 370.386
000292_depth.png 206.891 182.559 373.721 197.343 175.004 380.261 187.129 165.461 378.934 187.360 108.977 348.578 185.291 150.907 370.466
000293_depth.png 208.176 180.646 380.858 198.118 173.233 387.830 188.881 166.376 390.678 186.736 114.023 382.433 187.893 151.113 378.031
000294_depth.png 212.188 182.880 386.773 201.579 174.733 393.500 191.586 168.689 396.543 185.668 117.224 388.882 189.449 153.329 385.100
000295_depth.png 220.077 188.024 394.718 208.265 181.208 400.982 198.042 175.136 404.287 189.930 139.272 396.427 196.453 160.712 393.653
