000000_depth.png 235 116 212 102 197 98 186 108 168 150 
000001_depth.png 235 115 212 103 198 99 186 108 167 150 
000002_depth.png 234 116 211 101 197 98 184 107 165 150 
000003_depth.png 232 116 210 103 197 98 184 105 167 149 
000004_depth.png 230 119 210 105 197 98 185 107 166 147 
000005_depth.png 230 119 209 106 198 100 185 106 167 146 
000006_depth.png 228 120 209 106 197 99 185 106 168 145 
000007_depth.png 226 119 206 107 196 100 184 105 168 144 
000008_depth.png 224 120 203.415 107.376 193 99 182 104 167 143 
000009_depth.png 223 120 200.483 110.007 191 101 181 105 163 144 
000010_depth.png 221 120 198.766 109.583 190 100 179 103 163 142 
000011_depth.png 219 119 196.691 111.204 188 102 178 105 162 142 
000012_depth.png 216 119 197.419 113.898 186 101 178.725 108.554 162 140 
000013_depth.png 214 118 197.061 113.422 185 101 175 103 161 136 
000014_depth.png 213 117 196.313 112.361 183 100 173 104 159 135 
000015_depth.png 211 117 194.878 112.296 181 101 172 104 158 133 
000016_depth.png 211 117 195.001 113.219 181 102 174.742 106.722 159 134 
000017_depth.png 209.751 119.915 194.988 113.182 181.626 105.970 171 105 159 132 
000018_depth.png 210.621 120.697 197.348 113.585 180 102 173 105 161 132 
000019_depth.png 212.437 118.836 196.612 111.990 180 100 171 106 160 129 
000020_depth.png 214 115 196.464 109.669 181 98 169 109 162 129 
000021_depth.png 213 113 190.639 101.980 180 98 169 109 161 129 
000022_depth.png 213 113 192 101 180 97 168 111 160 128 
000023_depth.png 213 112 192 98 179 97 167 110 159 129 
000024_depth.png 212 111 190 100 178 95 166 110 158 129 
000025_depth.png 211 110 188.844 101.107 177 94 165 110 156 131 
000026_depth.png 210 110 188 96 176 93 164 109 155 133 
000027_depth.png 209 109 187 97 175 93 163 113 154 136 
000028_depth.png 209 110 187 96 176 93 164 114 154 134 
000029_depth.png 208 111 188 97 175 93 163 115 155 133 
000030_depth.png 209 112 188 97 176 92 162 115 156 132 
000031_depth.png 207 110 186 96 174 91 161 115 154 129 
000032_depth.png 204.814 110.231 185 96 172 92 161 117 154 129 
000033_depth.png 207.334 115.435 184 96 169 92 158 116 151 130 
000034_depth.png 203.146 112.006 182 95 168 91 156 116 150 130 
000035_depth.png 201.171 110.543 182 94 167 93 155 116 150 130 
000036_depth.png 200.222 110.584 180.064 96.374 164.760 91.976 154 116 149 130 
000037_depth.png 200 110 180 95 165 93 153 116 146 130 
000038_depth.png 199 111 178 95 165 93 155 116 147 131 
000039_depth.png 199 110 178 97 165 93 152 117 148 130 
000040_depth.png 200 110 178 95 164 93 152 118 147 131 
000041_depth.png 201 109 178 94 164 93 152 120 148 129 
000042_depth.png 199 108 163 92 162.116 93.007 152 117 147 129 
000043_depth.png 199 108 162 93 162.105 93.489 152 118 151 131 
000044_depth.png 199 111 163 93 161.695 94.271 155 121 150.132 130.686 
000045_depth.png 200 111 162 94 160.902 95.302 154 122 154 132 
000046_depth.png 198 110 161 95 160.287 96.006 155 119 153 132 
000047_depth.png 197 110 160 95 159.153 96.032 153 125 149.339 131.185 
000048_depth.png 195 108 165.981 103.091 158 95 151 122 151 130 
000049_depth.png 195 109 166.503 103.933 157 95 152 123 148.600 131.201 
000050_depth.png 195 110 172 97 159 96 151 126 152 131 
000051_depth.png 198.784 119.892 161 97 160.547 97.519 153 125 150.963 130.047 
000052_depth.png 189.932 112.028 174 99 163 98 154 125 155 131 
000053_depth.png 185.692 108.279 176.992 102.793 165 99 156 123 151.321 125.217 
000054_depth.png 182.963 106.861 176.448 101.192 165 100 158 122 153.279 124.589 
000055_depth.png 185.815 108.013 177.978 102.176 165 100 156 120 153.623 122.721 
000056_depth.png 183.631 108.366 166 101 165.401 100.873 153 119 152.029 120.894 
000057_depth.png 178.237 109.564 164 102 164.760 102.580 154 115 153.589 119.217 
000058_depth.png 180.110 111.241 175.438 107.243 163 102 154 116 153.921 117.359 
000059_depth.png 178.135 112.143 165 103 164.701 104.288 154 112 153.687 114.067 
000060_depth.png 171.413 114.160 154 110 163 104 155.513 115.308 155.651 113.048 
000061_depth.png 169.186 113.460 155 116 163 105 155.254 114.041 155.647 112.719 
000062_depth.png 169.443 114.427 156 116 161 105 156.262 114.131 158.663 114.872 
000063_depth.png 170.302 112.608 160 105 160.563 104.650 157.967 112.575 158.368 108.185 
000064_depth.png 175.299 112.580 164 101 164.671 101.422 161.540 109.509 163.416 105.777 
000065_depth.png 176.911 111.455 171.362 108.386 162 99 163.256 108.416 165.173 104.129 
000066_depth.png 177.361 111.071 171.873 108.305 165 96 163.533 107.993 165.419 104.039 
000067_depth.png 179.179 110.368 173.285 108.105 167 96 164.706 107.888 166.477 103.425 
000068_depth.png 178.935 110.841 172.931 108.624 168 97 164.510 108.025 166.620 104.121 
000069_depth.png 181.953 108.256 178.131 101.535 170 94 168.996 96.380 167.922 103.251 
000070_depth.png 182.262 110.038 178.510 103.823 168 94 169.966 96.900 168.413 103.371 
000071_depth.png 182.550 110.495 178.398 105.204 168 96 168.087 98.798 168.719 103.641 
000072_depth.png 182.826 111.014 178.665 105.769 168 98 168.512 99.573 169.451 104.903 
000073_depth.png 181.843 111.287 178.023 105.457 168 97 167.727 97.436 167.936 104.660 
000074_depth.png 182.426 112.845 177.732 108.455 166 98 166.384 104.592 166.551 107.861 
000075_depth.png 182.101 113.189 176.906 108.928 167 98 165.822 105.830 165.282 109.444 
000076_depth.png 184 108 174 101 164 99 158 111 161.209 111.917 
000077_depth.png 183.519 112.093 182.710 106.842 174 99 163 99 156 115 
000078_depth.png 199.664 120.531 184 102 174 95 162 101 151 125 
000079_depth.png 205 118 186 100 174 94 160 103 149 131 
000080_depth.png 207 115 187 97 173 93 159 105 148 136 
000081_depth.png 209 112 187 95 173 93 159 105 147 143 
000082_depth.png 208 110 186 96 171 93 158 107 145 148 
000083_depth.png 208 104 182 94 166 93 154 109 145 153 
000084_depth.png 205 103 179 94 164 94 153 113 144 157 
000085_depth.png 204 102 177 93 161 96 152 115 144 158 
000086_depth.png 204 104 176 94 160 95 151 117 143 157 
000087_depth.png 205 103 177 95 162 97 152 120 144 158 
000088_depth.png 206 105 177 97 162 99 153 121 145 159 
000089_depth.png 206 105 176 99 162 101 155 123 147 161 
000090_depth.png 205 106 177 100 161 104 154 123 149 164 
000091_depth.png 205 107 176 101 160 103 154 122 148 164 
000092_depth.png 205 105 176 100 161 104 154 122 148 161 
000093_depth.png 203 104 174 102 160 103 152 122 146 162 
000094_depth.png 203 105 175 101 161 104 153 122 147 163 
000095_depth.png 202 105 174 101 159 103 152 122 147 164 
000096_depth.png 203 106 174 101 158 103 152 123 146 163 
000097_depth.png 202 104 175 100 157 103 150 122 145 161 
000098_depth.png 201 105 174 101 158 103 151 120 145 161 
000099_depth.png 203 106 174 102 160 104 152 121 146 163 
000100_depth.png 203 106 175 102 161 104 152 120 146 161 
000101_depth.png 203 107 176 100 159 103 152 120 147 161 
000102_depth.png 204 107 176 101 161 103 153 119 147 161 
000103_depth.png 204 107 176 100 162 103 153 119 147 160 
000104_depth.png 206 108 177 101 162 103 155 118 145 159 
000105_depth.png 204 108 178 103 162 101 153 117 146 160 
000106_depth.png 204 108 177 104 163 104 152 116 146 157 
000107_depth.png 202 109 176 103 161 104 152 118 144 159 
000108_depth.png 202 108 174 104 160 103 151 117 145 158 
000109_depth.png 202 109 173 104 160 103 151 118 145 157 
000110_depth.png 201 109 173 104 160 103 152 118 146 157 
000111_depth.png 200 109 172 101 158 101 149 119 142 154 
000112_depth.png 199 107 169 100 158 101 148 118 142 153 
000113_depth.png 197 108 169 101 155 100 145 117 140 152 
000114_depth.png 195 107 166 100 152 100 144 119 139 150 
000115_depth.png 193 105 164 100 151 100 141 120 137 150 
000116_depth.png 191 105 163 99 149 98 139 119 136 148 
000117_depth.png 187 104 159 98 146 99 136 119 135 147 
000118_depth.png 187 104 157 99 143 98 133 117 130 149 
000119_depth.png 184 104 155 98 141 100 131 118 129 148 
000120_depth.png 180 104 152 98 138 98 128 118 126 148 
000121_depth.png 180 103 149 96 136 98 125 118 122 149 
000122_depth.png 176 101 148 96 134 97 121 119 121 148 
000123_depth.png 174 102 146 97 131 96 121 121 120 145 
000124_depth.png 173 102 145 95 130 96 120 120 119 144 
000125_depth.png 173 101 144 94 129 95 120 121 118 144 
000126_depth.png 172 100 142 94 128 94 118 142 115.807 142.352 
000127_depth.png 171 101 143 94 128 94 121 127 121 140 
000128_depth.png 173 104 146 94 131 91 122 131 122.759 138.046 
000129_depth.png 173 106 148 93 134 92 121 131 125 141 
000130_depth.png 173 109 149 96 135 92 123 129 126 140 
000131_depth.png 174 115 151.237 98.224 138 94 126 129 129 138 
000132_depth.png 175 114 152.129 98.829 139 93 126 131 126.982 137.463 
000133_depth.png 175.241 116.161 154.883 99.210 141 93 129 130 130 139 
000134_depth.png 164.185 107.742 158.282 97.961 145 93 133 136 132 126 
000135_depth.png 165.937 107.949 161.130 97.866 148 93 132 129 134.833 132.329 
000136_depth.png 168.186 107.115 163.522 97.583 152 93 134 127 137.629 131.808 
000137_depth.png 167.902 107.336 164.551 98.137 151 93 136 129 138.574 132.808 
000138_depth.png 171.000 108.144 164.780 97.719 154 93 138 127 140.000 131.457 
000139_depth.png 171.696 109.066 165.775 98.565 154 93 139 129 140.975 132.430 
000140_depth.png 173.852 109.914 170 99 156 94 141 129 143.577 133.274 
000141_depth.png 175.565 109.192 171 98 157 94 140 133 145.519 133.844 
000142_depth.png 177.101 109.273 173 98 157 94 144 131 146.285 133.844 
000143_depth.png 177.861 109.224 175 98 159 94 145 129 147.915 133.943 
000144_depth.png 178.213 109.930 175 98 161 94 144 134 147.946 134.422 
000145_depth.png 180.459 110.207 176 100 162 96 147 133 151.671 135.821 
000146_depth.png 181.087 111.318 178 100 163 96 149 131 150.814 130.889 
000147_depth.png 183.025 112.613 179 101 163 96 149 134 152.608 131.933 
000148_depth.png 183.652 112.827 179.704 104.971 165 98 154 131 154.549 131.219 
000149_depth.png 184.234 112.273 181.636 104.456 168 98 152 131 155.671 131.509 
000150_depth.png 184.543 112.282 182.123 105.240 168 99 152 137 156.623 130.312 
000151_depth.png 186.462 112.710 183.750 104.935 169 99 158 136 159.000 131.705 
000152_depth.png 187.447 112.684 185.412 104.766 171 99 160 132 160.330 131.610 
000153_depth.png 189.510 113.645 186.733 105.930 173 99 161 131 161.923 131.746 
000154_depth.png 191.528 113.402 188.880 105.400 175 99 165 131 164.812 131.519 
000155_depth.png 200.688 115.942 190.096 104.265 178 100 167 131 165.548 133.344 
000156_depth.png 201.038 114.156 191.005 104.135 180 101 170 129 167.640 131.956 
000157_depth.png 201.441 113.338 191.632 103.456 182 100 170 130 168.812 133.312 
000158_depth.png 202.671 114.128 192.738 103.901 182 101 172 130 169.835 133.349 
000159_depth.png 221 120 200 98 186 97 173 131 173.233 135.502 
000160_depth.png 226 113 206 91 189 92 174 131 172.836 137.439 
000161_depth.png 228 112 208 93 191 93 177 133 173.830 137.586 
000162_depth.png 230 113 207 92 191 92 176 134 174.172 138.108 
000163_depth.png 233 109 209 90 192 90 178 133 175.172 137.701 
000164_depth.png 235 106 211 88 193 89 178 140 180 130 
000165_depth.png 240 105 212 88 196 90 179 141 183 131 
000166_depth.png 240 103 214 85 196 90 182 141 184 130 
000167_depth.png 241 101 214 85 196 89 185 131 182.288 137.682 
000168_depth.png 241 101 212 85 194 90 184 139 185 129 
000169_depth.png 240 100 209 88 191 96 185 128 183.950 135.966 
000170_depth.png 219.725 121.105 205.549 120.112 194.209 118.462 185.142 120.712 187 132 
000171_depth.png 220.678 120.032 207.319 119.476 188 118 185.890 120.459 188 133 
000172_depth.png 222.895 116.095 206.890 117.384 190 115 187.787 116.309 187 129 
000173_depth.png 223.588 117.546 208.832 116.329 189 115 187.809 115.930 190 126 
000174_depth.png 223.263 116.415 208.398 115.541 192 114 190 124 188.811 123.139 
000175_depth.png 221.892 115.223 210.751 115.221 199.384 113.089 189 115 189.896 121.072 
000176_depth.png 223.840 115.104 210.708 115.015 192 110 191 121 190.014 121.128 
000177_depth.png 224.769 112.127 209.700 109.575 203.390 117.213 191 107 190 121 
000178_depth.png 223.681 112.248 208.322 110.726 202.063 116.692 193 96 188 121 
000179_depth.png 222.573 113.404 205.870 110.247 200.491 116.371 190 91 189 122 
000180_depth.png 221.933 114.499 205.524 111.277 198.089 116.812 190 89 189 123 
000181_depth.png 219.918 114.967 204.203 111.589 201.156 122.402 190 91 190 125 
000182_depth.png 219.740 117.755 206.456 115.357 196.001 117.952 191 90 190 126 
000183_depth.png 219.876 118.382 205.573 115.864 197.184 120.303 190 90 189.897 129.138 
000184_depth.png 218.433 119.651 203.248 116.392 194.959 121.328 191 90 189.742 129.336 
000185_depth.png 217.339 121.142 201.232 117.453 193.270 122.807 191 88 187.551 134.377 
000186_depth.png 215.965 122.503 200.285 118.997 192.204 124.066 191 87 186.194 135.810 
000187_depth.png 213.458 124.025 198.237 120.313 189.903 125.297 190 86 184.022 136.993 
000188_depth.png 211.124 124.824 196.315 121.887 188.208 126.177 189 89 182.376 139.663 
000189_depth.png 208.267 127.346 194.000 124.028 186.142 127.639 187 89 180.277 141.149 
000190_depth.png 206.997 129.130 193.000 125.788 185.548 129.262 187 91 179.734 142.624 
000191_depth.png 211.402 141.991 195.467 138.993 188.010 139.567 188 91 190.019 140.184 
000192_depth.png 211.315 144.107 194.992 141.480 189.132 141.474 191 95 190.743 142.268 
000193_depth.png 211.119 146.025 193.123 142.096 187.712 142.267 192 97 189.089 143.385 
000194_depth.png 208.960 147.184 191.747 143.803 186.431 144.070 188 102 187.728 145.138 
000195_depth.png 208.909 148.976 191.369 146.148 186.394 146.119 188 103 187.432 147.249 
000196_depth.png 208.326 148.315 190.750 144.673 185.906 144.838 186 106 186.875 146.097 
000197_depth.png 208.583 149.313 190.940 147.031 186.152 146.970 184 105 186.978 148.718 
000198_depth.png 208.496 149.039 191.359 146.741 186.437 146.998 180 104 187.336 148.768 
000199_depth.png 208.962 148.844 189.810 146.708 185.130 146.778 178 103 185.993 148.339 
000200_depth.png 208.527 149.526 189.109 147.599 184.228 147.419 175 103 185.247 148.793 
000201_depth.png 207.556 149.664 188.111 148.082 183.227 148.084 174 102 184.206 149.825 
000202_depth.png 205.703 148.043 193.800 145.054 185.039 149.381 174 101 198.344 147.431 
000203_depth.png 204.715 146.430 191.997 144.525 182.717 148.908 173 97 196.201 147.810 
000204_depth.png 202.984 144.791 190.047 143.646 180.664 149.134 167 95 193.931 146.818 
000205_depth.png 202.471 145.223 188.770 142.043 179.267 147.852 166 91 191.753 146.722 
000206_depth.png 202.065 138.504 187.842 140.710 178.242 145.230 166 88 191.831 145.529 
000207_depth.png 202.930 138.281 188.302 140.649 177.625 145.182 167 87 191.855 146.110 
000208_depth.png 203.782 139.166 188.551 140.546 177.992 145.564 169 88 192.216 146.502 
000209_depth.png 203.637 137.938 189.915 138.974 179.029 144.161 170 83 193.716 144.536 
000210_depth.png 204.498 137.236 190.458 137.905 178.626 142.531 171 80 193.486 144.179 
000211_depth.png 203.466 134.805 189.325 136.569 177.479 140.045 176 80 191.879 143.324 
000212_depth.png 204.270 133.240 193.510 132.681 178.222 133.909 177 77 190.119 142.770 
000213_depth.png 204.668 133.769 194.004 133.127 178.081 134.142 179 75 189.747 143.087 
000214_depth.png 203.542 134.293 193.055 132.917 177.687 134.130 181 75 188.925 142.766 
000215_depth.png 201.519 135.358 190.812 131.681 174.824 132.702 181 73 184.948 141.958 
000216_depth.png 195.962 132.708 189.902 132.283 175.781 130.904 180 72 180.090 147.299 
000217_depth.png 194.977 134.890 188.453 132.132 174.029 130.085 179 71 179.537 145.837 
000218_depth.png 194.149 132.584 187.542 132.133 173.230 130.378 178 74 177.350 146.121 
000219_depth.png 193.985 133.562 187.522 133.105 172.668 131.870 178 74 177.934 147.578 
000220_depth.png 196.067 133.759 189.596 132.584 174.674 130.914 179 75 179.080 146.815 
000221_depth.png 193.850 133.205 188.391 132.680 173.753 131.315 179 75 178.750 146.974 
000222_depth.png 195.299 133.472 188.744 132.960 173.261 131.538 178 75 177.903 147.802 
000223_depth.png 194.280 134.096 187.729 133.186 172.441 131.306 177 77 176.762 147.361 
000224_depth.png 191.894 136.096 185.448 135.486 170.833 133.575 176 77 174.977 149.426 
000225_depth.png 189.583 136.869 183.089 135.486 168.832 134.138 173 80 174.566 149.644 
000226_depth.png 189.677 136.467 183.883 135.533 169.481 134.032 174 77 174.792 149.847 
000227_depth.png 190.174 135.515 183.941 135.025 169.624 133.977 174 79 174.375 149.328 
000228_depth.png 189.442 135.205 183.302 134.778 169.340 133.564 171 78 174.792 149.054 
000229_depth.png 196.222 134.511 186.037 133.796 175.730 128.253 170 80 179.770 143.070 
000230_depth.png 189.038 134.590 183.519 134.547 169.047 132.908 168 79 175.286 148.925 
000231_depth.png 195.164 133.149 182.532 131.139 171.406 133.382 168 79 177.951 144.769 
000232_depth.png 194.842 133.256 182.110 130.704 171.747 132.622 168 80 178.098 144.220 
000233_depth.png 194.779 132.442 185.542 132.493 175.432 127.524 169 81 178.275 141.612 
000234_depth.png 195.933 133.450 185.704 132.982 175.449 127.256 169 81 177.637 143.008 
000235_depth.png 196.398 133.884 186.505 133.438 176.479 127.757 170 81 179.688 142.431 
000236_depth.png 196.477 133.931 183.983 131.833 173.742 134.159 171 81 180.010 145.222 
000237_depth.png 194.705 137.713 182.859 131.684 171.829 133.206 170 82 178.705 143.975 
000238_depth.png 195.592 135.061 186.486 134.963 176.427 129.779 170 83 179.732 144.149 
000239_depth.png 195.990 135.172 186.909 134.823 176.813 129.867 171 81 179.814 144.155 
000240_depth.png 195.379 133.973 185.476 133.973 175.536 128.708 169 81 179.401 142.681 
000241_depth.png 195.879 133.696 186.329 133.366 176.525 127.850 171 83 179.958 142.288 
000242_depth.png 195.174 132.938 185.371 132.762 175.608 127.519 172 84 179.531 141.416 
000243_depth.png 195.848 133.818 187.003 134.084 177.062 129.220 169 82 179.248 143.166 
000244_depth.png 194.520 134.887 184.976 133.426 174.889 129.512 170 82 179.169 141.759 
000245_depth.png 195.098 133.909 186.596 133.099 175.668 128.141 168 82 179.421 143.872 
000246_depth.png 194.939 132.369 186.381 132.368 176.249 126.764 167 82 179.780 142.880 
000247_depth.png 193.784 131.062 185.860 131.068 175.915 125.777 169 82 178.789 139.450 
000248_depth.png 195.346 132.475 186.784 132.330 176.664 128.580 167 81 180.256 142.955 
000249_depth.png 192.656 116.768 178.461 118.975 175.871 96.250 166 84 182.357 140.213 
000250_depth.png 191.907 118.500 177.926 119.311 178 89 164 85 182.348 140.449 
000251_depth.png 192.000 120.305 177.681 120.681 179 88 165 86 184.403 141.809 
000252_depth.png 192.332 121.077 178.368 121.526 179 86 166 89 182.185 142.822 
000253_depth.png 193.542 122.413 179.536 123.168 181 86 166 90 183.580 142.417 
000254_depth.png 194.566 121.251 177.562 121.056 184 83 165 88 185.365 147.509 
000255_depth.png 191.822 119.079 177.993 119.191 184 84 164 89 187.790 150.742 
000256_depth.png 193.325 121.792 177.772 122.869 185 84 163 88 185.585 147.468 
000257_depth.png 190.982 120.080 177.063 120.132 184 85 160 89 186.034 150.383 
000258_depth.png 190.860 120.311 176.500 120.646 184 84 158 89 185.795 150.112 
000259_depth.png 190.209 120.352 175.803 120.670 184 83 155 88 185.107 150.291 
000260_depth.png 189.410 119.936 174.451 120.710 183 83 153 89 183.926 150.287 
000261_depth.png 189.323 119.323 174.094 119.781 181 83 153 88 183.904 149.287 
000262_depth.png 188.964 118.950 173.313 118.922 182 82 152 87 183.862 147.716 
000263_depth.png 188.781 119.278 173.322 119.560 182 82 152 88 184.036 149.426 
000264_depth.png 189.097 118.923 173.368 119.236 181 81 152 90 184.030 148.905 
000265_depth.png 185.817 125.810 178.500 97.117 180 82 154 91 181.159 146.887 
000266_depth.png 185.285 125.745 178.164 97.383 178 83 154 94 181.677 147.277 
000267_depth.png 185.435 125.504 178.367 97.222 179 83 154 95 181.549 148.405 
000268_depth.png 189.051 120.552 183.590 93.203 178 82 153 95 185.838 149.953 
000269_depth.png 188.898 120.922 185.181 91.566 178 81 154 94 185.385 150.059 
000270_depth.png 189.028 121.881 189 92 173 82 152 96 185.137 151.075 
000271_depth.png 189.515 122.839 188 90 166 82 153 96 185.895 151.990 
000272_depth.png 188.941 122.382 187 90 165 86 152 96 185.780 151.511 
000273_depth.png 188.658 122.420 186 89 163 88 152 98 185.794 151.813 
000274_depth.png 186.894 119.943 186 91 163 89 150 99 181.854 146.916 
000275_depth.png 186.454 119.176 186 90 163 88 152 99 181.960 146.915 
000276_depth.png 186.641 118.798 185 91 164 88 150 98 180.749 146.328 
000277_depth.png 186.895 118.930 185 91 164 89 150 99 180.804 146.046 
000278_depth.png 186.295 118.729 186 90 165 88 150 97 181.179 145.171 
000279_depth.png 186.867 118.812 185 90 163 86 150 96 180.839 145.713 
000280_depth.png 186.043 117.481 185 90 165 85 150 95 180.614 145.850 
000281_depth.png 185.329 117.366 184 90 164 85 150 96 180.161 145.310 
000282_depth.png 185.883 116.410 184 88 165 85 149 95 179.834 144.838 
000283_depth.png 185.008 114.857 183 89 161 85 148 95 179.913 144.818 
000284_depth.png 203 108 183 89 162 87 149 97 181.351 145.234 
000285_depth.png 207 107 181 89 160 85 146 95 177.352 142.405 
000286_depth.png 208 103 180 89 159 87 147 96 176.857 142.376 
000287_depth.png 209 106 182 90 158 85 147 98 176.565 142.186 
000288_depth.png 209 103 180 88 158 87 145 98 157.199 143.056 
000289_depth.png 210 103 181 89 160 86 145 99 157.484 143.821 
000290_depth.png 210 103 181 88 162 86 145 99 157.788 144.657 
000291_depth.png 210 101 182 89 161 87 146 100 157.789 144.350 
000292_depth.png 209 102 181 87 161 85 147 98 158.884 145.111 
000293_depth.png 212 102 183 86 160 84 147 99 158.817 143.782 
000294_depth.png 211 101 183 85 162 85 147 97 160.011 145.330 
000295_depth.png 211 101 182 86 160 84 147 98 159.527 144.499 
000296_depth.png 210 103 182 86 161 84 147 96 158.086 143.450 
000297_depth.png 211 102 182 86 161 84 148 96 151 146 
000298_depth.png 210 101 183 86 162 85 147 94 146 147 
000299_depth.png 210 101 180 86 160 84 146 97 140 148 
000300_depth.png 209 102 180 86 159 83 145 95 135 149 
000301_depth.png 209 101 181 87 160 84 146 96 132 148 
000302_depth.png 209 103 181 87 161 85 145 97 128 144 
000303_depth.png 209 104 181 89 162 86 147 97 128 144 
000304_depth.png 211 105 182 89 162 86 149 99 130 143 
000305_depth.png 211 103 183 88 163 86 147 96 130 142 
000306_depth.png 210 105 183 88 163 84 147 96 129 141 
000307_depth.png 210 105 182 90 163 86 148 96 127 141 
000308_depth.png 212 106 184 90 164 87 149 94 131 140 
000309_depth.png 212 108 187 91 165 88 151 94 132 138 
000310_depth.png 212 110 187 93 169 86 152 95 135 135 
000311_depth.png 212 111 187 93 168 88 153 97 135 133 
000312_depth.png 212 113 188 95 168 91 153 98 137 131 
000313_depth.png 212 115 186 101 170 95 156 96 139 129 
000314_depth.png 211 117 185 103 172 98 159 95 138 131 
000315_depth.png 210 119 187 107 174 100 162 93 138 132 
000316_depth.png 211 121 186 110 172.778 103.364 164 94 139 131 
000317_depth.png 211 122 182.110 117.329 169.094 106.304 165 95 139 131 
000318_depth.png 209 121 180.343 123.700 170.332 120.506 166 92 140 131 
000319_depth.png 208 123 180.428 125.000 170.783 120.378 167 92 140 130 
000320_depth.png 209 124 178.469 123.186 171.539 121.171 168 93 141 130 
000321_depth.png 207 125 178.674 123.168 169.056 121.077 169 91 142 130 
000322_depth.png 201.396 131.567 178.386 123.382 169.354 120.487 170 91 141 129 
000323_depth.png 194.106 133.669 182.391 126.152 172.645 122.794 171 92 141 129 
000324_depth.png 194.221 135.200 181.722 126.760 173.149 122.895 174 92 144 129 
000325_depth.png 192.871 134.937 183.152 127.947 173.812 124.254 172 92 145 129 
000326_depth.png 192.272 135.378 182.803 128.043 173.359 124.245 173 92 145 129 
000327_depth.png 191.611 135.851 182.693 128.655 173.812 124.287 175 93 146 131 
000328_depth.png 194.672 156.577 187.892 151.531 176.923 149.377 176 94 171.797 143.802 
000329_depth.png 192.335 157.492 185.879 153.400 175.664 151.048 177 96 173.616 145.485 
000330_depth.png 192.576 158.388 186.906 153.878 176.652 152.074 178 100 172.891 147.168 
000331_depth.png 192.630 159.127 185.800 154.853 176.347 152.511 177 99 173.886 147.091 
000332_depth.png 192.730 158.255 186.773 153.852 176.421 152.738 176 101 172.891 147.142 
000333_depth.png 192.897 159.243 185.979 155.156 176.525 152.928 178 100 173.462 147.930 
000334_depth.png 193.000 159.127 186.166 155.011 176.193 151.643 176 100 172.712 149.450 
000335_depth.png 192.256 158.933 185.561 154.772 176.075 152.473 176 101 171.396 150.364 
000336_depth.png 192.000 159.338 186.267 155.088 176.019 151.776 174 99 170.688 150.253 
000337_depth.png 192.422 158.905 185.517 154.953 175.344 151.967 174 99 171.258 150.223 
000338_depth.png 192.421 158.915 185.397 154.749 175.220 151.642 175 100 171.266 149.639 
000339_depth.png 191.857 158.948 184.494 154.842 174.225 152.109 174 101 169.935 149.836 
000340_depth.png 190.891 157.641 185.125 153.052 174.631 151.432 173 100 170.558 145.785 
000341_depth.png 191.752 157.326 184.011 153.825 173.648 151.320 171 99 169.013 148.762 
000342_depth.png 192.344 155.763 184.648 151.934 174.546 149.301 170 97 169.281 147.293 
000343_depth.png 194.267 156.144 185.575 151.928 174.554 150.152 170 99 169.022 145.631 
000344_depth.png 194.359 154.646 184.986 151.137 173.907 149.223 170 98 169.692 146.335 
000345_depth.png 194.513 155.029 185.130 151.275 173.099 148.378 170 98 168.952 146.656 
000346_depth.png 195.491 154.374 186.280 151.097 174.172 147.871 166 106 169.861 147.264 
000347_depth.png 194.447 154.887 184.718 151.606 172.474 148.630 165 109 168.317 147.444 
