000000_depth.png 168 150 186 108 197 98 212 102 235 116 
000001_depth.png 167 150 186 108 198 99 212 103 235 115 
000002_depth.png 165 150 184 107 197 98 211 101 234 116 
000003_depth.png 167 149 184 105 197 98 210 103 232 116 
000004_depth.png 166 147 185 107 197 98 210 105 230 119 
000005_depth.png 167 146 185 106 198 100 209 106 230 119 
000006_depth.png 168 145 185 106 197 99 209 106 228 120 
000007_depth.png 168 144 184 105 196 100 206 107 226 119 
000008_depth.png 167 143 182 104 193 99 224 120 
000009_depth.png 163 144 181 105 191 101 223 120 
000010_depth.png 163 142 179 103 190 100 221 120 
000011_depth.png 162 142 178 105 188 102 219 119 
000012_depth.png 162 140 178 105 186 101 216 119 
000013_depth.png 161 136 175 103 185 101 214 118 
000014_depth.png 159 135 173 104 183 100 213 117 
000015_depth.png 158 133 172 104 181 101 211 117 
000016_depth.png 159 134 173 103 181 102 211 117 
000017_depth.png 159 132 171 105 
000018_depth.png 161 132 173 105 180 102 
000019_depth.png 160 129 171 106 180 100 
000020_depth.png 162 129 169 109 181 98 214 115 
000021_depth.png 161 129 169 109 180 98 213 113 
000022_depth.png 160 128 168 111 180 97 192 101 213 113 
000023_depth.png 159 129 167 110 179 97 192 98 213 112 
000024_depth.png 158 129 166 110 178 95 190 100 212 111 
000025_depth.png 156 131 165 110 177 94 211 110 
000026_depth.png 155 133 164 109 176 93 188 96 210 110 
000027_depth.png 154 136 163 113 175 93 187 97 209 109 
000028_depth.png 154 134 164 114 176 93 187 96 209 110 
000029_depth.png 155 133 163 115 175 93 188 97 208 111 
000030_depth.png 156 132 162 115 176 92 188 97 209 112 
000031_depth.png 154 129 161 115 174 91 186 96 207 110 
000032_depth.png 154 129 161 117 172 92 185 96 
000033_depth.png 151 130 158 116 169 92 184 96 
000034_depth.png 150 130 156 116 168 91 182 95 
000035_depth.png 150 130 155 116 167 93 182 94 
000036_depth.png 149 130 154 116 
000037_depth.png 146 130 153 116 165 93 180 95 200 110 
000038_depth.png 147 131 155 116 165 93 178 95 199 111 
000039_depth.png 148 130 152 117 165 93 178 97 199 110 
000040_depth.png 147 131 152 118 164 93 178 95 200 110 
000041_depth.png 148 129 152 120 164 93 178 94 201 109 
000042_depth.png 147 129 152 117 163 92 176 93 199 108 
000043_depth.png 151 131 152 118 162 93 176 94 199 108 
000044_depth.png 152 129 155 121 163 93 175 95 199 111 
000045_depth.png 154 132 154 122 162 94 175 96 200 111 
000046_depth.png 153 132 155 119 161 95 174 96 198 110 
000047_depth.png 154 131 153 125 160 95 174 95 197 110 
000048_depth.png 151 130 151 122 158 95 172 95 195 108 
000049_depth.png 152 129 152 123 157 95 171 95 195 109 
000050_depth.png 152 131 151 126 159 96 172 97 195 110 
000051_depth.png 154 129 153 125 161 97 
000052_depth.png 155 131 154 125 163 98 174 99 
000053_depth.png 156 129 156 123 165 99 
000054_depth.png 157 129 158 122 165 100 
000055_depth.png 156 127 156 120 165 100 
000056_depth.png 150 122 153 119 166 101 
000057_depth.png 152 121 154 115 164 102 
000058_depth.png 155 122 154 116 163 102 
000059_depth.png 154 118 154 112 165 103 
000060_depth.png 153 114 154 110 163 104 
000061_depth.png 155 116 163 105 
000062_depth.png 156 116 161 105 
000063_depth.png 156 113 160 105 
000064_depth.png 164 101 
000065_depth.png 162 99 
000066_depth.png 165 96 
000067_depth.png 167 96 
000068_depth.png 168 97 
000069_depth.png 170 94 
000070_depth.png 168 94 
000071_depth.png 168 96 
000072_depth.png 168 98 
000073_depth.png 168 97 
000074_depth.png 166 98 
000075_depth.png 167 98 
000076_depth.png 159 111 165 99 174 100 184 108 158 111 164 99 174 101 184 108 
000077_depth.png 156 115 163 99 174 99 
000078_depth.png 151 125 162 101 174 95 184 102 
000079_depth.png 149 131 160 103 174 94 186 100 205 118 
000080_depth.png 148 136 159 105 173 93 187 97 207 115 
000081_depth.png 147 143 159 105 173 93 187 95 209 112 
000082_depth.png 145 148 158 107 171 93 186 96 208 110 
000083_depth.png 145 153 154 109 166 93 182 94 208 104 
000084_depth.png 144 157 153 113 164 94 179 94 205 103 
000085_depth.png 144 158 152 115 161 96 177 93 204 102 
000086_depth.png 143 157 151 117 160 95 176 94 204 104 
000087_depth.png 144 158 152 120 162 97 177 95 205 103 
000088_depth.png 145 159 153 121 162 99 177 97 206 105 
000089_depth.png 147 161 155 123 162 101 176 99 206 105 
000090_depth.png 149 164 154 123 161 104 177 100 205 106 
000091_depth.png 148 164 154 122 160 103 176 101 205 107 
000092_depth.png 148 161 154 122 161 104 176 100 205 105 
000093_depth.png 146 162 152 122 160 103 174 102 203 104 
000094_depth.png 147 163 153 122 161 104 175 101 203 105 
000095_depth.png 147 164 152 122 159 103 174 101 202 105 
000096_depth.png 146 163 152 123 158 103 174 101 203 106 
000097_depth.png 145 161 150 122 157 103 175 100 202 104 
000098_depth.png 145 161 151 120 158 103 174 101 201 105 
000099_depth.png 146 163 152 121 160 104 174 102 203 106 
000100_depth.png 146 161 152 120 161 104 175 102 203 106 
000101_depth.png 147 161 152 120 159 103 176 100 203 107 
000102_depth.png 147 161 153 119 161 103 176 101 204 107 
000103_depth.png 147 160 153 119 162 103 176 100 204 107 
000104_depth.png 145 159 155 118 162 103 177 101 206 108 
000105_depth.png 146 160 153 117 162 101 178 103 204 108 
000106_depth.png 146 157 152 116 163 104 177 104 204 108 
000107_depth.png 144 159 152 118 161 104 176 103 202 109 
000108_depth.png 145 158 151 117 160 103 174 104 202 108 
000109_depth.png 145 157 151 118 160 103 173 104 202 109 
000110_depth.png 146 157 152 118 160 103 173 104 201 109 
000111_depth.png 142 154 149 119 158 101 172 101 200 109 
000112_depth.png 142 153 148 118 158 101 169 100 199 107 
000113_depth.png 140 152 145 117 155 100 169 101 197 108 
000114_depth.png 139 150 144 119 152 100 166 100 195 107 
000115_depth.png 137 150 141 120 151 100 164 100 193 105 
000116_depth.png 136 148 139 119 149 98 163 99 191 105 
000117_depth.png 135 147 136 119 146 99 159 98 187 104 
000118_depth.png 130 149 133 117 143 98 157 99 187 104 
000119_depth.png 129 148 131 118 141 100 155 98 184 104 
000120_depth.png 126 148 128 118 138 98 152 98 180 104 
000121_depth.png 122 149 125 118 136 98 149 96 180 103 
000122_depth.png 121 148 121 119 134 97 148 96 176 101 
000123_depth.png 120 145 121 121 131 96 146 97 174 102 
000124_depth.png 119 144 120 120 130 96 145 95 173 102 
000125_depth.png 118 144 120 121 129 95 144 94 173 101 
000126_depth.png 118 142 119 125 128 94 142 94 172 100 
000127_depth.png 121 140 121 127 128 94 143 94 171 101 
000128_depth.png 126 140 122 131 131 91 146 94 173 104 
000129_depth.png 125 141 121 131 134 92 148 93 173 106 
000130_depth.png 126 140 123 129 135 92 149 96 173 109 
000131_depth.png 129 138 126 129 138 94 174 115 
000132_depth.png 128 138 126 131 139 93 175 114 
000133_depth.png 130 139 129 130 141 93 
000134_depth.png 133 136 132 126 145 93 
000135_depth.png 135 134 132 129 148 93 
000136_depth.png 136 135 134 127 152 93 
000137_depth.png 139 135 136 129 151 93 
000138_depth.png 141 133 138 127 154 93 
000139_depth.png 144 136 139 129 154 93 
000140_depth.png 144 136 141 129 156 94 170 99 
000141_depth.png 146 140 140 133 157 94 171 98 
000142_depth.png 148 135 144 131 157 94 173 98 
000143_depth.png 147 136 145 129 159 94 175 98 
000144_depth.png 147 139 144 134 161 94 175 98 
000145_depth.png 149 140 147 133 162 96 176 100 
000146_depth.png 151 139 149 131 163 96 178 100 
000147_depth.png 151 139 149 134 163 96 179 101 
000148_depth.png 156 138 154 131 165 98 
000149_depth.png 155 140 152 131 168 98 
000150_depth.png 156 142 152 137 168 99 
000151_depth.png 160 141 158 136 169 99 
000152_depth.png 160 138 160 132 171 99 
000153_depth.png 163 136 161 131 173 99 
000154_depth.png 166 136 165 131 175 99 
000155_depth.png 167 136 167 131 178 100 
000156_depth.png 167 137 170 129 180 101 
000157_depth.png 170 138 170 130 182 100 
000158_depth.png 174 138 172 130 182 101 
000159_depth.png 172 139 173 131 186 97 200 98 221 120 
000160_depth.png 173 140 174 131 189 92 206 91 226 113 
000161_depth.png 177 141 177 133 191 93 208 93 228 112 
000162_depth.png 176 141 176 134 191 92 207 92 230 113 
000163_depth.png 178 141 178 133 192 90 209 90 233 109 
000164_depth.png 178 140 180 130 193 89 211 88 235 106 
000165_depth.png 179 141 183 131 196 90 212 88 240 105 
000166_depth.png 182 141 184 130 196 90 214 85 240 103 
000167_depth.png 183 138 185 131 196 89 214 85 241 101 
000168_depth.png 184 139 185 129 194 90 212 85 241 101 
000169_depth.png 184 137 185 128 191 96 209 88 240 100 
000170_depth.png 187 132 
000171_depth.png 188 133 188 118 
000172_depth.png 187 129 190 115 
000173_depth.png 190 126 189 115 
000174_depth.png 190 124 192 114 
000175_depth.png 192 124 189 115 
000176_depth.png 191 121 192 110 
000177_depth.png 190 121 191 107 
000178_depth.png 188 121 193 96 
000179_depth.png 189 122 190 91 
000180_depth.png 189 123 190 89 
000181_depth.png 190 125 190 89 190 125 190 91 
000182_depth.png 190 126 191 90 
000183_depth.png 190 90 
000184_depth.png 191 90 
000185_depth.png 191 88 
000186_depth.png 191 87 
000187_depth.png 190 86 
000188_depth.png 189 89 
000189_depth.png 187 89 
000190_depth.png 187 91 
000191_depth.png 188 91 
000192_depth.png 191 95 
000193_depth.png 192 97 
000194_depth.png 188 102 
000195_depth.png 188 103 
000196_depth.png 186 106 
000197_depth.png 184 105 
000198_depth.png 180 104 
000199_depth.png 178 103 
000200_depth.png 175 103 
000201_depth.png 174 102 
000202_depth.png 174 101 
000203_depth.png 173 97 
000204_depth.png 167 95 
000205_depth.png 166 91 
000206_depth.png 166 88 
000207_depth.png 167 87 
000208_depth.png 169 88 
000209_depth.png 170 83 
000210_depth.png 171 80 
000211_depth.png 176 80 
000212_depth.png 177 77 
000213_depth.png 179 75 
000214_depth.png 181 75 
000215_depth.png 181 73 
000216_depth.png 180 72 
000217_depth.png 179 71 
000218_depth.png 178 74 
000219_depth.png 178 74 
000220_depth.png 179 75 
000221_depth.png 179 75 
000222_depth.png 178 75 
000223_depth.png 177 77 
000224_depth.png 176 77 
000225_depth.png 173 80 
000226_depth.png 174 77 
000227_depth.png 174 79 
000228_depth.png 171 78 
000229_depth.png 170 80 
000230_depth.png 168 79 
000231_depth.png 168 79 
000232_depth.png 168 80 
000233_depth.png 169 81 
000234_depth.png 169 81 
000235_depth.png 170 81 
000236_depth.png 171 81 
000237_depth.png 170 82 
000238_depth.png 170 83 
000239_depth.png 171 81 
000240_depth.png 169 81 
000241_depth.png 171 83 
000242_depth.png 172 84 
000243_depth.png 169 82 
000244_depth.png 170 82 
000245_depth.png 168 82 
000246_depth.png 167 82 
000247_depth.png 169 82 
000248_depth.png 167 81 
000249_depth.png 166 84 
000250_depth.png 164 85 178 89 
000251_depth.png 165 86 179 88 
000252_depth.png 166 89 179 86 
000253_depth.png 166 90 181 86 
000254_depth.png 165 88 184 83 
000255_depth.png 164 89 184 84 
000256_depth.png 163 88 185 84 
000257_depth.png 160 89 184 85 
000258_depth.png 158 89 184 84 
000259_depth.png 155 88 184 83 
000260_depth.png 153 89 183 83 
000261_depth.png 153 88 181 83 
000262_depth.png 152 87 182 82 
000263_depth.png 152 88 182 82 
000264_depth.png 152 90 181 81 
000265_depth.png 154 91 180 82 
000266_depth.png 154 94 178 83 
000267_depth.png 154 95 179 83 
000268_depth.png 153 95 178 82 
000269_depth.png 154 94 178 81 
000270_depth.png 152 96 173 82 189 92 
000271_depth.png 153 96 166 82 188 90 
000272_depth.png 152 96 165 86 187 90 
000273_depth.png 152 98 163 88 186 89 
000274_depth.png 150 99 163 89 186 91 
000275_depth.png 152 99 163 88 186 90 
000276_depth.png 150 98 164 88 185 91 
000277_depth.png 150 99 164 89 185 91 
000278_depth.png 150 97 165 88 186 90 
000279_depth.png 150 96 163 86 185 90 
000280_depth.png 150 95 165 85 185 90 
000281_depth.png 150 96 164 85 184 90 
000282_depth.png 149 95 165 85 184 88 
000283_depth.png 148 95 161 85 183 89 
000284_depth.png 149 97 162 87 183 89 203 108 
000285_depth.png 146 95 160 85 181 89 207 107 
000286_depth.png 147 96 159 87 180 89 208 103 
000287_depth.png 147 98 158 85 182 90 209 106 
000288_depth.png 145 98 158 87 180 88 209 103 
000289_depth.png 145 99 160 86 181 89 210 103 
000290_depth.png 145 99 162 86 181 88 210 103 
000291_depth.png 146 100 161 87 182 89 210 101 
000292_depth.png 147 98 161 85 181 87 209 102 
000293_depth.png 147 99 160 84 183 86 212 102 
000294_depth.png 147 97 162 85 183 85 211 101 
000295_depth.png 147 98 160 84 182 86 211 101 
000296_depth.png 147 96 161 84 182 86 210 103 
000297_depth.png 151 146 148 96 161 84 182 86 211 102 
000298_depth.png 146 147 147 94 162 85 183 86 210 101 
000299_depth.png 140 148 146 97 160 84 180 86 210 101 
000300_depth.png 135 149 145 95 159 83 180 86 209 102 
000301_depth.png 132 148 146 96 160 84 181 87 209 101 
000302_depth.png 128 144 145 97 161 85 181 87 209 103 
000303_depth.png 128 144 147 97 162 86 181 89 209 104 
000304_depth.png 130 143 149 99 162 86 182 89 211 105 
000305_depth.png 130 142 147 96 163 86 183 88 211 103 
000306_depth.png 129 141 147 96 163 84 183 88 210 105 
000307_depth.png 127 141 148 96 163 86 182 90 210 105 
000308_depth.png 131 140 149 94 164 87 184 90 212 106 
000309_depth.png 132 138 151 94 165 88 187 91 212 108 
000310_depth.png 135 135 152 95 169 86 187 93 212 110 
000311_depth.png 135 133 153 97 168 88 187 93 212 111 
000312_depth.png 137 131 153 98 168 91 188 95 212 113 
000313_depth.png 139 129 156 96 170 95 186 101 212 115 
000314_depth.png 138 131 159 95 172 98 185 103 211 117 
000315_depth.png 138 132 162 93 174 100 187 107 210 119 
000316_depth.png 139 131 164 94 186 110 211 121 
000317_depth.png 139 131 165 95 211 122 
000318_depth.png 140 131 166 92 209 121 
000319_depth.png 140 130 167 92 208 123 
000320_depth.png 141 130 168 93 209 124 
000321_depth.png 142 130 169 91 207 125 
000322_depth.png 141 129 170 91 
000323_depth.png 141 129 171 92 
000324_depth.png 144 129 174 92 
000325_depth.png 145 129 172 92 
000326_depth.png 145 129 173 92 
000327_depth.png 146 131 175 93 
000328_depth.png 176 94 
000329_depth.png 177 96 
000330_depth.png 178 100 
000331_depth.png 177 99 
000332_depth.png 176 101 
000333_depth.png 178 100 
000334_depth.png 176 100 
000335_depth.png 176 101 
000336_depth.png 174 99 
000337_depth.png 174 99 
000338_depth.png 175 100 
000339_depth.png 174 101 
000340_depth.png 173 100 
000341_depth.png 171 99 
000342_depth.png 170 97 
000343_depth.png 170 99 
000344_depth.png 170 98 
000345_depth.png 170 98 
000346_depth.png 166 106 
000347_depth.png 165 109 
