348
./CVAR/P3/000000_depth.png 214.405 142.708 606.000 
./CVAR/P3/000001_depth.png 213.642 141.723 613.000 
./CVAR/P3/000002_depth.png 211.732 140.874 609.000 
./CVAR/P3/000003_depth.png 211.732 140.874 605.000 
./CVAR/P3/000004_depth.png 213.217 140.662 612.000 
./CVAR/P3/000005_depth.png 214.491 140.874 606.000 
./CVAR/P3/000006_depth.png 214.278 140.450 601.000 
./CVAR/P3/000007_depth.png 214.278 140.450 601.000 
./CVAR/P3/000008_depth.png 211.520 140.450 600.000 
./CVAR/P3/000009_depth.png 209.185 140.450 596.000 
./CVAR/P3/000010_depth.png 206.426 139.389 597.000 
./CVAR/P3/000011_depth.png 206.214 138.540 600.000 
./CVAR/P3/000012_depth.png 206.426 138.115 594.000 
./CVAR/P3/000013_depth.png 207.063 134.508 592.000 
./CVAR/P3/000014_depth.png 206.002 131.324 593.000 
./CVAR/P3/000015_depth.png 204.941 131.961 589.000 
./CVAR/P3/000016_depth.png 205.365 131.961 591.000 
./CVAR/P3/000017_depth.png 205.153 131.961 590.000 
./CVAR/P3/000018_depth.png 207.699 130.263 591.000 
./CVAR/P3/000019_depth.png 210.246 131.749 586.000 
./CVAR/P3/000020_depth.png 209.610 131.749 589.000 
./CVAR/P3/000021_depth.png 208.548 126.655 592.000 
./CVAR/P3/000022_depth.png 207.912 124.321 601.000 
./CVAR/P3/000023_depth.png 207.912 124.321 596.000 
./CVAR/P3/000024_depth.png 206.214 123.048 592.000 
./CVAR/P3/000025_depth.png 205.789 123.260 587.000 
./CVAR/P3/000026_depth.png 205.789 124.109 590.000 
./CVAR/P3/000027_depth.png 204.516 123.472 580.000 
./CVAR/P3/000028_depth.png 204.941 121.986 581.000 
./CVAR/P3/000029_depth.png 204.304 122.199 581.000 
./CVAR/P3/000030_depth.png 204.304 122.199 575.000 
./CVAR/P3/000031_depth.png 204.304 122.199 574.000 
./CVAR/P3/000032_depth.png 204.304 122.199 571.000 
./CVAR/P3/000033_depth.png 202.606 120.501 583.000 
./CVAR/P3/000034_depth.png 199.211 119.440 572.000 
./CVAR/P3/000035_depth.png 196.027 117.954 577.000 
./CVAR/P3/000036_depth.png 194.117 118.166 571.000 
./CVAR/P3/000037_depth.png 190.934 117.954 569.000 
./CVAR/P3/000038_depth.png 192.207 118.591 568.000 
./CVAR/P3/000039_depth.png 191.783 118.379 569.000 
./CVAR/P3/000040_depth.png 192.207 118.166 572.000 
./CVAR/P3/000041_depth.png 192.844 116.044 563.000 
./CVAR/P3/000042_depth.png 194.754 115.407 580.000 
./CVAR/P3/000043_depth.png 194.542 115.832 574.000 
./CVAR/P3/000044_depth.png 194.329 116.893 569.000 
./CVAR/P3/000045_depth.png 194.329 116.893 572.000 
./CVAR/P3/000046_depth.png 194.329 116.893 574.000 
./CVAR/P3/000047_depth.png 193.056 116.893 573.000 
./CVAR/P3/000048_depth.png 191.146 116.256 574.000 
./CVAR/P3/000049_depth.png 184.567 115.195 560.000 
./CVAR/P3/000050_depth.png 188.175 116.256 564.000 
./CVAR/P3/000051_depth.png 192.844 117.317 568.000 
./CVAR/P3/000052_depth.png 192.844 117.954 571.000 
./CVAR/P3/000053_depth.png 194.329 119.864 561.000 
./CVAR/P3/000054_depth.png 194.966 121.562 560.000 
./CVAR/P3/000055_depth.png 195.390 122.835 564.000 
./CVAR/P3/000056_depth.png 194.966 124.321 549.000 
./CVAR/P3/000057_depth.png 194.754 123.896 560.000 
./CVAR/P3/000058_depth.png 194.754 123.896 560.000 
./CVAR/P3/000059_depth.png 193.480 124.533 555.000 
./CVAR/P3/000060_depth.png 193.056 124.109 554.000 
./CVAR/P3/000061_depth.png 193.056 124.745 560.000 
./CVAR/P3/000062_depth.png 193.056 124.745 558.000 
./CVAR/P3/000063_depth.png 193.056 124.745 558.000 
./CVAR/P3/000064_depth.png 193.056 124.745 551.000 
./CVAR/P3/000065_depth.png 193.056 124.745 550.000 
./CVAR/P3/000066_depth.png 193.056 124.745 545.000 
./CVAR/P3/000067_depth.png 192.844 124.745 547.000 
./CVAR/P3/000068_depth.png 192.844 124.745 546.000 
./CVAR/P3/000069_depth.png 194.329 125.382 546.000 
./CVAR/P3/000070_depth.png 195.390 125.806 544.000 
./CVAR/P3/000071_depth.png 195.603 126.019 543.000 
./CVAR/P3/000072_depth.png 195.603 126.443 551.000 
./CVAR/P3/000073_depth.png 195.178 127.716 546.000 
./CVAR/P3/000074_depth.png 195.390 127.716 558.000 
./CVAR/P3/000075_depth.png 194.754 129.839 550.000 
./CVAR/P3/000076_depth.png 194.117 129.414 562.000 
./CVAR/P3/000077_depth.png 195.178 130.688 559.000 
./CVAR/P3/000078_depth.png 195.815 131.324 558.000 
./CVAR/P3/000079_depth.png 196.239 131.536 567.000 
./CVAR/P3/000080_depth.png 196.239 131.536 569.000 
./CVAR/P3/000081_depth.png 196.239 131.536 568.000 
./CVAR/P3/000082_depth.png 195.815 131.536 572.000 
./CVAR/P3/000083_depth.png 195.178 131.536 575.000 
./CVAR/P3/000084_depth.png 191.783 132.173 576.000 
./CVAR/P3/000085_depth.png 190.934 132.385 574.000 
./CVAR/P3/000086_depth.png 189.024 134.083 578.000 
./CVAR/P3/000087_depth.png 189.236 133.447 575.000 
./CVAR/P3/000088_depth.png 189.660 134.508 580.000 
./CVAR/P3/000089_depth.png 189.873 134.720 579.000 
./CVAR/P3/000090_depth.png 190.297 137.054 567.000 
./CVAR/P3/000091_depth.png 190.085 136.205 566.000 
./CVAR/P3/000092_depth.png 190.509 135.781 571.000 
./CVAR/P3/000093_depth.png 191.570 135.357 567.000 
./CVAR/P3/000094_depth.png 191.570 135.357 570.000 
./CVAR/P3/000095_depth.png 190.934 136.205 569.000 
./CVAR/P3/000096_depth.png 189.873 136.418 569.000 
./CVAR/P3/000097_depth.png 188.175 135.781 569.000 
./CVAR/P3/000098_depth.png 187.750 136.418 570.000 
./CVAR/P3/000099_depth.png 187.750 136.418 574.000 
./CVAR/P3/000100_depth.png 184.143 134.932 577.000 
./CVAR/P3/000101_depth.png 187.326 134.932 574.000 
./CVAR/P3/000102_depth.png 187.326 134.720 574.000 
./CVAR/P3/000103_depth.png 186.902 133.447 576.000 
./CVAR/P3/000104_depth.png 187.538 133.234 579.000 
./CVAR/P3/000105_depth.png 187.963 132.810 575.000 
./CVAR/P3/000106_depth.png 188.599 134.083 572.000 
./CVAR/P3/000107_depth.png 188.599 134.083 570.000 
./CVAR/P3/000108_depth.png 188.599 134.083 563.000 
./CVAR/P3/000109_depth.png 188.599 134.083 563.000 
./CVAR/P3/000110_depth.png 188.599 134.083 563.000 
./CVAR/P3/000111_depth.png 188.599 134.083 557.000 
./CVAR/P3/000112_depth.png 188.175 132.173 554.000 
./CVAR/P3/000113_depth.png 185.204 129.414 556.000 
./CVAR/P3/000114_depth.png 181.596 127.929 559.000 
./CVAR/P3/000115_depth.png 179.049 127.716 554.000 
./CVAR/P3/000116_depth.png 177.351 127.929 555.000 
./CVAR/P3/000117_depth.png 171.672 124.881 559.000 
./CVAR/P3/000118_depth.png 167.852 123.820 558.000 
./CVAR/P3/000119_depth.png 165.093 123.820 564.000 
./CVAR/P3/000120_depth.png 163.608 123.396 561.000 
./CVAR/P3/000121_depth.png 163.396 125.518 550.000 
./CVAR/P3/000122_depth.png 162.122 124.032 549.000 
./CVAR/P3/000123_depth.png 161.273 122.759 549.000 
./CVAR/P3/000124_depth.png 160.000 120.000 549.000 
./CVAR/P3/000125_depth.png 157.241 120.849 551.000 
./CVAR/P3/000126_depth.png 154.907 120.424 546.000 
./CVAR/P3/000127_depth.png 157.241 120.637 541.000 
./CVAR/P3/000128_depth.png 160.000 119.788 547.000 
./CVAR/P3/000129_depth.png 160.000 120.000 547.000 
./CVAR/P3/000130_depth.png 160.000 120.000 543.000 
./CVAR/P3/000131_depth.png 163.608 121.273 542.000 
./CVAR/P3/000132_depth.png 164.244 120.424 542.000 
./CVAR/P3/000133_depth.png 169.126 120.212 550.000 
./CVAR/P3/000134_depth.png 174.007 120.849 555.000 
./CVAR/P3/000135_depth.png 175.866 121.562 545.000 
./CVAR/P3/000136_depth.png 177.564 121.562 550.000 
./CVAR/P3/000137_depth.png 179.898 121.986 546.000 
./CVAR/P3/000138_depth.png 180.110 123.048 540.000 
./CVAR/P3/000139_depth.png 183.506 123.684 546.000 
./CVAR/P3/000140_depth.png 186.902 125.170 555.000 
./CVAR/P3/000141_depth.png 186.902 124.533 545.000 
./CVAR/P3/000142_depth.png 189.660 124.533 551.000 
./CVAR/P3/000143_depth.png 189.660 124.321 551.000 
./CVAR/P3/000144_depth.png 190.934 124.958 542.000 
./CVAR/P3/000145_depth.png 192.207 124.533 551.000 
./CVAR/P3/000146_depth.png 193.480 126.443 537.000 
./CVAR/P3/000147_depth.png 196.027 125.594 550.000 
./CVAR/P3/000148_depth.png 197.301 125.170 555.000 
./CVAR/P3/000149_depth.png 196.664 125.170 550.000 
./CVAR/P3/000150_depth.png 197.513 124.958 555.000 
./CVAR/P3/000151_depth.png 197.725 125.382 547.000 
./CVAR/P3/000152_depth.png 198.998 126.019 538.000 
./CVAR/P3/000153_depth.png 201.969 124.321 546.000 
./CVAR/P3/000154_depth.png 203.455 124.958 544.000 
./CVAR/P3/000155_depth.png 208.973 125.806 552.000 
./CVAR/P3/000156_depth.png 208.973 126.868 547.000 
./CVAR/P3/000157_depth.png 210.458 125.170 549.000 
./CVAR/P3/000158_depth.png 211.732 127.080 545.000 
./CVAR/P3/000159_depth.png 214.491 129.626 544.000 
./CVAR/P3/000160_depth.png 213.642 129.626 544.000 
./CVAR/P3/000161_depth.png 215.552 131.749 539.000 
./CVAR/P3/000162_depth.png 215.127 131.961 539.000 
./CVAR/P3/000163_depth.png 215.976 131.749 536.000 
./CVAR/P3/000164_depth.png 217.250 129.839 535.000 
./CVAR/P3/000165_depth.png 223.192 130.475 536.000 
./CVAR/P3/000166_depth.png 225.739 129.414 537.000 
./CVAR/P3/000167_depth.png 226.587 126.231 538.000 
./CVAR/P3/000168_depth.png 228.073 127.929 535.000 
./CVAR/P3/000169_depth.png 230.832 126.443 538.000 
./CVAR/P3/000170_depth.png 230.407 123.896 535.000 
./CVAR/P3/000171_depth.png 230.407 121.350 529.000 
./CVAR/P3/000172_depth.png 235.289 121.986 530.000 
./CVAR/P3/000173_depth.png 234.228 120.501 520.000 
./CVAR/P3/000174_depth.png 234.228 119.228 521.000 
./CVAR/P3/000175_depth.png 234.228 117.742 518.000 
./CVAR/P3/000176_depth.png 234.228 117.954 518.000 
./CVAR/P3/000177_depth.png 231.469 117.954 517.000 
./CVAR/P3/000178_depth.png 231.681 115.407 524.000 
./CVAR/P3/000179_depth.png 229.983 118.166 516.000 
./CVAR/P3/000180_depth.png 229.771 117.954 520.000 
./CVAR/P3/000181_depth.png 227.649 118.379 522.000 
./CVAR/P3/000182_depth.png 230.407 116.681 525.000 
./CVAR/P3/000183_depth.png 231.256 118.591 524.000 
./CVAR/P3/000184_depth.png 231.044 119.652 525.000 
./CVAR/P3/000185_depth.png 229.983 120.925 533.000 
./CVAR/P3/000186_depth.png 228.285 122.623 537.000 
./CVAR/P3/000187_depth.png 225.739 123.896 538.000 
./CVAR/P3/000188_depth.png 221.919 121.562 541.000 
./CVAR/P3/000189_depth.png 217.886 125.170 539.000 
./CVAR/P3/000190_depth.png 216.613 126.868 540.000 
./CVAR/P3/000191_depth.png 213.430 129.626 543.000 
./CVAR/P3/000192_depth.png 214.491 130.900 550.000 
./CVAR/P3/000193_depth.png 216.401 131.961 561.000 
./CVAR/P3/000194_depth.png 214.066 133.659 560.000 
./CVAR/P3/000195_depth.png 214.066 136.630 552.000 
./CVAR/P3/000196_depth.png 213.430 136.630 557.000 
./CVAR/P3/000197_depth.png 213.642 137.054 556.000 
./CVAR/P3/000198_depth.png 212.581 136.630 549.000 
./CVAR/P3/000199_depth.png 214.066 136.630 558.000 
./CVAR/P3/000200_depth.png 213.642 136.205 553.000 
./CVAR/P3/000201_depth.png 212.581 135.357 554.000 
./CVAR/P3/000202_depth.png 206.002 131.961 556.000 
./CVAR/P3/000203_depth.png 203.667 130.475 556.000 
./CVAR/P3/000204_depth.png 200.696 130.051 544.000 
./CVAR/P3/000205_depth.png 196.239 126.019 554.000 
./CVAR/P3/000206_depth.png 195.390 122.623 563.000 
./CVAR/P3/000207_depth.png 196.027 123.684 556.000 
./CVAR/P3/000208_depth.png 197.301 124.958 553.000 
./CVAR/P3/000209_depth.png 196.876 123.260 534.000 
./CVAR/P3/000210_depth.png 195.390 121.774 530.000 
./CVAR/P3/000211_depth.png 194.117 118.166 539.000 
./CVAR/P3/000212_depth.png 199.847 119.228 541.000 
./CVAR/P3/000213_depth.png 199.211 117.105 537.000 
./CVAR/P3/000214_depth.png 197.088 117.530 529.000 
./CVAR/P3/000215_depth.png 197.937 116.469 537.000 
./CVAR/P3/000216_depth.png 198.149 114.346 560.000 
./CVAR/P3/000217_depth.png 194.542 111.163 568.000 
./CVAR/P3/000218_depth.png 194.542 110.739 568.000 
./CVAR/P3/000219_depth.png 193.693 113.922 565.000 
./CVAR/P3/000220_depth.png 193.905 112.436 569.000 
./CVAR/P3/000221_depth.png 195.603 114.346 566.000 
./CVAR/P3/000222_depth.png 194.754 113.710 574.000 
./CVAR/P3/000223_depth.png 192.844 113.497 578.000 
./CVAR/P3/000224_depth.png 192.419 114.983 568.000 
./CVAR/P3/000225_depth.png 188.175 117.105 570.000 
./CVAR/P3/000226_depth.png 188.812 116.893 579.000 
./CVAR/P3/000227_depth.png 189.873 116.256 575.000 
./CVAR/P3/000228_depth.png 188.175 116.256 582.000 
./CVAR/P3/000229_depth.png 185.628 116.256 562.000 
./CVAR/P3/000230_depth.png 188.387 115.195 582.000 
./CVAR/P3/000231_depth.png 186.689 114.771 588.000 
./CVAR/P3/000232_depth.png 186.265 115.195 588.000 
./CVAR/P3/000233_depth.png 183.930 115.407 576.000 
./CVAR/P3/000234_depth.png 183.930 113.497 582.000 
./CVAR/P3/000235_depth.png 184.992 114.983 586.000 
./CVAR/P3/000236_depth.png 188.175 116.469 593.000 
./CVAR/P3/000237_depth.png 186.053 116.044 593.000 
./CVAR/P3/000238_depth.png 184.992 117.105 580.000 
./CVAR/P3/000239_depth.png 185.416 117.317 581.000 
./CVAR/P3/000240_depth.png 183.930 116.893 585.000 
./CVAR/P3/000241_depth.png 183.930 116.893 591.000 
./CVAR/P3/000242_depth.png 183.930 116.893 595.000 
./CVAR/P3/000243_depth.png 183.506 116.044 591.000 
./CVAR/P3/000244_depth.png 182.445 116.469 580.000 
./CVAR/P3/000245_depth.png 184.143 116.044 580.000 
./CVAR/P3/000246_depth.png 182.869 115.620 579.000 
./CVAR/P3/000247_depth.png 183.294 112.224 580.000 
./CVAR/P3/000248_depth.png 183.294 117.530 576.000 
./CVAR/P3/000249_depth.png 182.445 117.954 589.000 
./CVAR/P3/000250_depth.png 182.020 119.015 584.000 
./CVAR/P3/000251_depth.png 182.445 121.350 581.000 
./CVAR/P3/000252_depth.png 182.020 122.411 588.000 
./CVAR/P3/000253_depth.png 182.020 124.958 581.000 
./CVAR/P3/000254_depth.png 184.992 129.414 577.000 
./CVAR/P3/000255_depth.png 185.628 129.202 573.000 
./CVAR/P3/000256_depth.png 184.355 131.961 573.000 
./CVAR/P3/000257_depth.png 183.930 128.990 577.000 
./CVAR/P3/000258_depth.png 183.081 125.806 578.000 
./CVAR/P3/000259_depth.png 182.657 126.019 578.000 
./CVAR/P3/000260_depth.png 180.535 124.109 579.000 
./CVAR/P3/000261_depth.png 179.474 124.109 581.000 
./CVAR/P3/000262_depth.png 179.261 124.533 581.000 
./CVAR/P3/000263_depth.png 180.959 125.170 578.000 
./CVAR/P3/000264_depth.png 179.261 124.745 580.000 
./CVAR/P3/000265_depth.png 177.988 121.986 590.000 
./CVAR/P3/000266_depth.png 178.413 124.321 588.000 
./CVAR/P3/000267_depth.png 179.686 127.292 589.000 
./CVAR/P3/000268_depth.png 182.657 126.655 581.000 
./CVAR/P3/000269_depth.png 180.323 127.716 579.000 
./CVAR/P3/000270_depth.png 181.171 127.929 582.000 
./CVAR/P3/000271_depth.png 179.474 127.716 581.000 
./CVAR/P3/000272_depth.png 179.261 127.292 578.000 
./CVAR/P3/000273_depth.png 179.686 128.565 579.000 
./CVAR/P3/000274_depth.png 178.413 126.231 581.000 
./CVAR/P3/000275_depth.png 177.776 126.443 587.000 
./CVAR/P3/000276_depth.png 176.927 125.806 588.000 
./CVAR/P3/000277_depth.png 177.564 127.292 582.000 
./CVAR/P3/000278_depth.png 177.139 126.443 585.000 
./CVAR/P3/000279_depth.png 177.564 126.868 580.000 
./CVAR/P3/000280_depth.png 176.927 127.929 578.000 
./CVAR/P3/000281_depth.png 175.654 126.655 586.000 
./CVAR/P3/000282_depth.png 176.715 127.929 580.000 
./CVAR/P3/000283_depth.png 177.351 126.868 579.000 
./CVAR/P3/000284_depth.png 176.503 126.443 580.000 
./CVAR/P3/000285_depth.png 176.715 127.504 574.000 
./CVAR/P3/000286_depth.png 175.654 127.716 578.000 
./CVAR/P3/000287_depth.png 173.531 126.655 583.000 
./CVAR/P3/000288_depth.png 167.003 121.273 598.000 
./CVAR/P3/000289_depth.png 168.913 121.273 598.000 
./CVAR/P3/000290_depth.png 170.611 123.608 592.000 
./CVAR/P3/000291_depth.png 170.399 123.396 592.000 
./CVAR/P3/000292_depth.png 171.885 124.881 593.000 
./CVAR/P3/000293_depth.png 171.672 123.608 590.000 
./CVAR/P3/000294_depth.png 172.309 124.244 588.000 
./CVAR/P3/000295_depth.png 171.885 122.759 582.000 
./CVAR/P3/000296_depth.png 169.975 122.334 587.000 
./CVAR/P3/000297_depth.png 168.913 122.971 595.000 
./CVAR/P3/000298_depth.png 171.885 122.334 585.000 
./CVAR/P3/000299_depth.png 172.946 124.669 580.000 
./CVAR/P3/000300_depth.png 173.158 125.518 579.000 
./CVAR/P3/000301_depth.png 171.672 125.306 584.000 
./CVAR/P3/000302_depth.png 172.309 126.791 586.000 
./CVAR/P3/000303_depth.png 170.187 124.669 589.000 
./CVAR/P3/000304_depth.png 173.582 127.216 585.000 
./CVAR/P3/000305_depth.png 172.097 125.730 587.000 
./CVAR/P3/000306_depth.png 172.946 128.277 582.000 
./CVAR/P3/000307_depth.png 173.158 127.640 586.000 
./CVAR/P3/000308_depth.png 172.733 128.065 585.000 
./CVAR/P3/000309_depth.png 174.219 127.216 588.000 
./CVAR/P3/000310_depth.png 176.129 129.762 583.000 
./CVAR/P3/000311_depth.png 175.280 127.640 592.000 
./CVAR/P3/000312_depth.png 175.441 128.990 586.000 
./CVAR/P3/000313_depth.png 177.351 130.475 580.000 
./CVAR/P3/000314_depth.png 179.686 132.598 574.000 
./CVAR/P3/000315_depth.png 180.323 134.083 572.000 
./CVAR/P3/000316_depth.png 182.233 135.993 572.000 
./CVAR/P3/000317_depth.png 182.869 136.205 571.000 
./CVAR/P3/000318_depth.png 183.930 137.691 570.000 
./CVAR/P3/000319_depth.png 183.081 134.720 574.000 
./CVAR/P3/000320_depth.png 182.657 135.569 571.000 
./CVAR/P3/000321_depth.png 182.233 134.083 568.000 
./CVAR/P3/000322_depth.png 182.445 133.447 571.000 
./CVAR/P3/000323_depth.png 182.869 132.810 575.000 
./CVAR/P3/000324_depth.png 182.445 133.022 570.000 
./CVAR/P3/000325_depth.png 185.204 134.508 577.000 
./CVAR/P3/000326_depth.png 186.053 135.993 571.000 
./CVAR/P3/000327_depth.png 185.628 134.508 573.000 
./CVAR/P3/000328_depth.png 187.114 137.267 566.000 
./CVAR/P3/000329_depth.png 189.024 138.964 566.000 
./CVAR/P3/000330_depth.png 190.085 142.572 569.000 
./CVAR/P3/000331_depth.png 190.934 143.421 567.000 
./CVAR/P3/000332_depth.png 189.873 143.421 568.000 
./CVAR/P3/000333_depth.png 191.146 145.756 565.000 
./CVAR/P3/000334_depth.png 191.570 144.482 569.000 
./CVAR/P3/000335_depth.png 190.722 145.331 563.000 
./CVAR/P3/000336_depth.png 190.722 145.331 559.000 
./CVAR/P3/000337_depth.png 189.873 144.058 560.000 
./CVAR/P3/000338_depth.png 189.660 143.633 562.000 
./CVAR/P3/000339_depth.png 188.599 143.633 565.000 
./CVAR/P3/000340_depth.png 187.114 144.482 560.000 
./CVAR/P3/000341_depth.png 188.175 142.360 554.000 
./CVAR/P3/000342_depth.png 187.963 138.964 560.000 
./CVAR/P3/000343_depth.png 186.902 138.964 557.000 
./CVAR/P3/000344_depth.png 187.326 140.025 553.000 
./CVAR/P3/000345_depth.png 186.477 139.601 557.000 
./CVAR/P3/000346_depth.png 185.628 138.328 553.000 
./CVAR/P3/000347_depth.png 186.053 140.662 545.000 
