000000_depth.png 234.586 119.017 650.988 212.261 105.946 665.035 198.922 100.796 641.759 186.767 111.270 633.089 167.938 151.366 595.819
000001_depth.png 234.507 118.416 658.030 212.337 105.555 672.102 198.407 100.484 648.761 186.670 110.959 639.940 167.731 151.351 602.749
000002_depth.png 233.050 118.473 653.235 210.926 105.113 668.054 197.340 99.788 644.723 185.749 110.013 635.967 166.941 151.933 598.993
000003_depth.png 230.670 119.906 648.820 210.083 106.368 664.085 197.083 99.924 640.732 185.638 109.930 631.925 166.745 150.300 594.947
000004_depth.png 230.078 120.464 655.195 209.665 106.520 671.095 196.981 99.605 647.739 186.270 110.282 638.961 169.169 150.195 601.405
000005_depth.png 228.772 119.040 649.809 208.118 107.627 665.198 197.194 100.427 641.786 186.500 110.302 633.005 168.676 148.906 595.752
000006_depth.png 228.688 119.339 647.516 207.852 106.967 659.715 197.634 100.170 638.488 186.373 107.869 613.134 168.257 145.968 576.770
000007_depth.png 226.899 119.303 644.686 206.256 107.398 660.164 195.799 99.959 636.736 185.640 108.512 628.068 169.466 145.846 590.708
000008_depth.png 223.088 119.322 666.223 203.415 107.376 660.222 194.192 100.254 648.001 183.809 107.504 620.289 167.468 144.937 585.109
000009_depth.png 221.179 118.992 649.120 200.483 110.007 651.087 191.347 100.941 640.000 182.084 108.454 624.001 165.746 145.119 585.029
000010_depth.png 218.912 119.222 654.020 198.766 109.583 656.288 190.111 100.442 651.000 180.334 106.941 621.000 164.452 144.025 585.042
000011_depth.png 217.498 119.150 655.650 196.691 111.204 639.547 187.735 101.232 652.000 178.881 108.009 628.005 163.993 143.650 576.017
000012_depth.png 214.211 120.482 674.904 197.419 113.898 678.952 187.053 105.023 661.626 178.725 108.554 630.375 161.037 137.670 571.553
000013_depth.png 214.003 119.550 672.090 197.061 113.422 677.054 186.015 104.790 659.827 177.927 107.183 628.869 159.908 134.937 569.446
000014_depth.png 212.626 118.102 670.088 196.313 112.361 678.369 184.007 104.457 660.848 175.874 106.773 630.045 158.726 133.777 570.401
000015_depth.png 210.590 119.294 664.439 194.878 112.296 675.059 182.322 104.356 656.809 174.614 106.298 626.227 157.937 132.409 566.435
000016_depth.png 210.113 120.284 666.233 195.001 113.219 677.404 182.216 105.582 658.845 174.742 106.722 628.642 158.391 132.049 568.468
000017_depth.png 209.751 119.915 659.435 194.988 113.182 668.949 181.626 105.970 655.879 173.984 106.726 618.164 158.876 132.010 563.259
000018_depth.png 210.621 120.697 668.882 197.348 113.585 677.198 184.043 106.527 658.808 175.086 108.819 628.369 160.872 131.987 568.394
000019_depth.png 212.437 118.836 661.858 196.612 111.990 672.181 183.250 104.915 653.819 173.356 108.338 624.593 160.250 129.443 563.424
000020_depth.png 211.903 117.084 664.626 196.464 109.669 674.511 182.840 103.215 656.629 171.204 109.770 628.187 160.088 127.693 566.471
000021_depth.png 204.930 115.075 655.514 190.639 101.980 652.852 179.644 97.506 637.077 167.448 111.005 630.969 161.646 129.001 574.966
000022_depth.png 209.422 116.312 659.438 191.419 102.961 661.401 179.659 98.179 646.479 167.097 111.173 640.934 161.722 129.049 583.837
000023_depth.png 212.420 112.051 652.016 190.236 100.909 656.636 178.939 96.597 641.171 166.300 110.747 634.869 160.649 128.957 578.790
000024_depth.png 211.708 112.280 647.668 189.671 101.539 652.377 177.833 96.739 637.546 165.042 111.646 631.832 159.330 128.881 574.821
000025_depth.png 210.495 110.579 642.674 188.844 101.107 647.708 177.462 95.989 632.652 164.369 111.495 627.246 157.570 132.353 569.793
000026_depth.png 208.774 110.123 645.264 188.062 99.449 648.856 176.615 95.143 639.035 163.566 110.312 628.113 156.400 133.830 567.002
000027_depth.png 207.874 108.925 636.898 187.117 99.061 641.506 175.492 94.579 625.458 162.166 114.033 619.082 154.929 133.904 563.336
000028_depth.png 207.087 111.139 637.617 187.385 97.549 642.860 175.484 93.730 626.156 163.535 114.771 619.766 155.481 133.598 564.102
000029_depth.png 206.613 111.251 637.551 187.052 97.405 642.616 174.968 93.806 626.106 163.097 114.966 619.707 154.843 132.766 564.118
000030_depth.png 209.564 116.375 626.084 186.017 97.323 637.213 174.888 91.945 620.331 164.427 114.662 613.726 154.591 130.389 558.095
000031_depth.png 204.898 110.484 630.826 185.904 96.214 635.595 173.611 92.480 619.034 162.825 114.661 612.598 153.892 129.013 557.159
000032_depth.png 204.814 110.231 627.630 184.875 96.100 632.576 172.531 92.351 616.051 162.540 114.698 609.634 153.574 129.044 554.164
000033_depth.png 207.334 115.435 633.528 183.874 96.166 644.310 170.978 92.303 629.070 161.372 114.827 621.478 152.324 129.220 566.257
000034_depth.png 203.146 112.006 663.086 182.539 96.362 645.760 167.608 93.119 645.958 155.675 116.914 618.968 151.140 129.785 589.209
000035_depth.png 201.171 110.543 668.858 180.779 95.439 651.125 166.046 92.102 651.181 154.278 116.797 623.877 149.434 129.586 594.315
000036_depth.png 200.222 110.584 663.796 180.064 96.374 646.536 164.760 91.976 645.188 152.225 117.129 618.168 149.406 129.829 588.077
000037_depth.png 198.534 110.323 661.721 178.492 96.391 644.799 163.890 92.233 643.606 151.187 116.351 616.237 146.914 130.550 586.962
000038_depth.png 198.582 110.876 660.946 177.750 97.009 643.544 164.161 92.067 642.081 151.217 117.510 615.171 147.559 131.273 586.106
000039_depth.png 198.224 110.779 661.782 177.324 97.027 644.569 163.779 92.805 643.044 150.914 118.329 616.175 147.229 131.155 587.110
000040_depth.png 198.639 110.518 664.738 178.363 96.426 647.562 162.980 92.940 646.173 150.911 118.455 619.101 147.658 130.734 589.553
000041_depth.png 198.850 109.288 652.605 176.316 93.838 633.844 162.594 92.660 637.138 151.852 118.402 609.873 147.306 129.919 559.826
000042_depth.png 199.182 110.328 677.613 170.540 95.375 648.212 162.116 93.007 653.871 152.848 118.157 627.717 148.157 130.341 597.580
000043_depth.png 198.966 111.349 672.260 170.283 95.648 641.998 162.105 93.489 648.132 153.231 118.855 621.322 149.316 130.261 595.358
000044_depth.png 199.036 112.172 666.875 170.085 96.704 637.333 161.695 94.271 643.138 154.134 119.915 616.583 150.132 130.686 591.750
000045_depth.png 198.188 112.192 669.577 169.660 97.888 640.354 160.902 95.302 646.138 154.986 121.059 619.313 151.170 130.650 594.812
000046_depth.png 198.698 113.160 672.292 168.996 98.236 642.119 160.287 96.006 648.299 155.560 120.514 620.552 150.114 131.325 597.374
000047_depth.png 197.685 113.183 671.286 167.824 98.155 641.111 159.153 96.032 647.323 154.395 121.098 619.985 149.339 131.185 596.371
000048_depth.png 190.630 110.376 667.079 165.981 103.091 644.850 157.346 94.876 648.186 153.035 119.605 621.261 148.224 130.428 598.182
000049_depth.png 191.130 111.092 653.851 166.503 103.933 630.982 157.578 95.307 634.134 152.905 119.307 607.293 148.600 131.201 583.576
000050_depth.png 191.483 111.757 657.750 167.276 104.856 634.915 158.059 96.277 638.148 154.327 120.541 611.237 149.609 131.646 588.045
000051_depth.png 198.784 119.892 666.004 168.165 99.085 636.345 160.547 97.519 641.660 155.237 120.561 615.294 150.963 130.047 591.193
000052_depth.png 189.932 112.028 557.042 174.077 99.481 625.773 162.128 98.926 634.681 156.099 120.435 610.921 151.872 129.528 582.748
000053_depth.png 185.692 108.279 626.749 176.992 102.793 660.140 165.187 101.114 643.368 156.365 124.303 601.008 151.321 125.217 581.000
000054_depth.png 182.963 106.861 628.829 176.448 101.192 697.603 165.963 100.521 659.411 157.598 124.217 596.952 153.279 124.589 584.000
000055_depth.png 185.815 108.013 623.351 177.978 102.176 627.760 165.913 101.530 686.866 156.766 122.670 607.535 153.623 122.721 582.000
000056_depth.png 183.631 108.366 605.658 175.114 102.917 659.217 165.401 100.873 638.351 155.019 120.345 595.616 152.029 120.894 569.000
000057_depth.png 178.237 109.564 591.059 173.127 105.606 647.227 164.760 102.580 646.926 155.514 119.581 605.601 153.589 119.217 570.000
000058_depth.png 180.110 111.241 601.455 175.438 107.243 653.726 163.189 103.184 639.510 154.857 117.730 597.900 153.921 117.359 564.000
000059_depth.png 178.135 112.143 600.947 172.374 109.037 613.766 164.701 104.288 660.437 154.537 115.318 597.329 153.687 114.067 558.003
000060_depth.png 171.413 114.160 590.895 161.746 114.702 610.824 163.848 105.317 638.659 155.513 115.308 567.451 155.651 113.048 557.005
000061_depth.png 169.186 113.460 601.679 161.619 113.760 614.944 163.256 105.716 637.000 155.254 114.041 569.339 155.647 112.719 561.001
000062_depth.png 169.443 114.427 603.366 162.737 114.069 565.645 162.730 106.033 638.091 156.262 114.131 606.808 158.663 114.872 606.307
000063_depth.png 170.302 112.608 627.264 164.412 110.521 636.406 160.563 104.650 629.746 157.967 112.575 593.996 158.368 108.185 536.926
000064_depth.png 175.299 112.580 632.415 169.567 109.206 642.148 164.671 101.422 627.913 161.540 109.509 602.121 163.416 105.777 542.997
000065_depth.png 176.911 111.455 630.544 171.362 108.386 640.355 166.187 99.959 627.241 163.256 108.416 601.180 165.173 104.129 542.065
000066_depth.png 177.361 111.071 624.737 171.873 108.305 634.743 166.244 98.952 622.096 163.533 107.993 596.084 165.419 104.039 536.977
000067_depth.png 179.179 110.368 625.398 173.285 108.105 635.924 167.218 98.905 624.104 164.706 107.888 598.067 166.477 103.425 538.953
000068_depth.png 178.935 110.841 625.010 172.931 108.624 635.349 167.133 98.852 623.274 164.510 108.025 597.242 166.620 104.121 537.928
000069_depth.png 181.953 108.256 631.528 178.131 101.535 642.327 171.111 100.210 651.833 168.996 96.380 616.301 167.922 103.251 538.088
000070_depth.png 182.262 110.038 630.690 178.510 103.823 640.547 171.611 101.442 649.887 169.966 96.900 613.182 168.413 103.371 536.108
000071_depth.png 182.550 110.495 629.478 178.398 105.204 643.238 171.719 101.685 648.469 168.087 98.798 612.050 168.719 103.641 535.222
000072_depth.png 182.826 111.014 637.235 178.665 105.769 651.125 172.039 102.363 656.434 168.512 99.573 619.943 169.451 104.903 543.103
000073_depth.png 181.843 111.287 616.433 178.023 105.457 634.581 171.595 102.911 644.596 167.727 97.436 596.612 167.936 104.660 528.094
000074_depth.png 182.426 112.845 645.292 177.732 108.455 659.617 171.789 104.150 663.229 166.384 104.592 626.351 166.551 107.861 550.060
000075_depth.png 182.101 113.189 636.164 176.906 108.928 651.845 170.694 105.226 655.542 165.822 105.830 618.011 165.282 109.444 542.054
000076_depth.png 182.746 112.180 649.692 177.292 108.651 663.901 170.908 105.502 667.194 163.591 107.360 625.527 161.209 111.917 554.032
000077_depth.png 183.519 112.093 609.711 182.710 106.842 652.270 173.450 101.400 633.885 165.197 103.647 620.133 159.358 115.672 550.005
000078_depth.png 199.664 120.531 675.297 183.455 104.915 646.600 173.945 96.534 657.302 160.996 101.517 610.136 151.925 127.364 567.723
000079_depth.png 202.723 117.513 640.019 184.749 101.271 631.998 174.346 94.442 630.819 159.329 102.548 614.109 150.431 133.877 571.540
000080_depth.png 206.461 115.000 619.125 185.701 98.223 604.168 171.782 94.007 614.564 159.195 105.125 611.227 149.340 139.429 581.432
000081_depth.png 207.688 111.189 614.590 185.598 95.937 604.698 171.029 94.103 614.528 158.563 106.135 610.321 148.664 144.502 580.836
000082_depth.png 207.248 110.795 618.022 184.399 95.077 610.209 169.519 93.602 619.133 156.762 107.437 614.236 146.686 148.796 585.078
000083_depth.png 206.428 104.522 616.486 182.025 93.847 616.461 166.907 94.290 625.443 154.723 109.779 610.291 145.223 154.095 576.501
000084_depth.png 205.095 109.661 638.689 178.066 97.135 627.231 164.806 98.549 619.033 155.167 115.959 610.555 145.373 157.263 579.384
000085_depth.png 204.206 108.926 636.553 177.182 97.840 625.285 163.665 99.967 616.781 154.061 118.079 608.602 144.403 159.089 577.579
000086_depth.png 203.604 109.598 640.708 176.908 98.240 629.179 163.118 101.049 620.597 153.663 120.326 612.163 144.172 158.726 581.366
000087_depth.png 204.830 109.903 637.724 177.887 99.252 626.072 164.108 102.292 617.500 155.337 122.219 608.420 144.585 158.328 578.583
000088_depth.png 205.109 111.015 643.010 177.909 100.596 631.062 164.483 104.100 622.782 156.084 123.258 613.416 145.622 159.313 583.366
000089_depth.png 205.366 111.181 641.953 177.224 101.039 630.126 163.717 104.948 621.966 155.985 124.051 611.366 146.439 161.461 582.531
000090_depth.png 205.297 111.958 630.498 176.768 103.342 618.171 162.748 106.360 613.377 155.398 123.423 600.235 147.883 162.498 571.594
000091_depth.png 205.203 112.089 629.766 176.522 103.924 616.889 162.419 106.381 612.616 156.157 123.213 597.866 147.431 162.680 570.731
000092_depth.png 204.679 111.833 634.493 176.194 102.947 621.955 162.188 105.387 617.320 155.918 122.826 603.039 146.882 161.788 575.435
000093_depth.png 204.006 111.315 629.646 175.765 103.472 618.039 161.937 105.468 613.730 155.614 123.527 599.331 146.065 161.705 571.746
000094_depth.png 203.468 112.122 632.515 175.057 103.658 621.082 161.722 106.396 617.027 155.839 123.685 603.045 146.495 162.506 573.941
000095_depth.png 202.869 112.818 631.732 174.474 104.351 620.054 160.644 106.638 614.992 154.273 123.465 601.614 145.017 162.651 573.889
000096_depth.png 202.374 112.399 631.652 174.711 104.457 619.984 160.454 106.580 615.703 154.145 123.864 601.872 144.762 162.656 573.618
000097_depth.png 201.715 111.808 631.911 174.068 103.850 619.988 160.031 106.294 615.113 152.756 123.188 601.900 143.252 161.935 573.546
000098_depth.png 202.022 112.413 633.882 173.712 103.514 621.010 159.454 105.736 616.754 153.394 122.763 603.093 144.241 161.482 574.337
000099_depth.png 202.619 112.658 638.208 174.714 103.721 625.037 159.703 105.980 620.602 153.644 121.846 606.953 144.560 161.992 578.467
000100_depth.png 203.093 110.607 641.036 174.046 101.545 627.887 159.928 104.424 624.761 153.300 120.555 609.990 145.492 161.470 583.659
000101_depth.png 204.108 111.376 638.021 175.813 102.828 624.711 161.842 105.364 621.187 155.195 121.356 607.075 145.721 160.798 578.412
000102_depth.png 204.105 112.102 638.328 175.833 102.627 624.719 161.806 105.142 621.275 155.179 121.161 607.063 145.496 160.579 578.522
000103_depth.png 204.288 111.920 639.936 175.951 101.902 626.918 161.754 104.242 623.035 154.927 120.147 609.291 145.187 160.187 580.536
000104_depth.png 203.522 108.444 639.188 175.418 102.753 629.863 162.344 104.039 626.417 153.297 119.040 613.598 144.485 159.667 583.447
000105_depth.png 203.062 108.695 635.647 175.264 102.305 625.951 161.648 103.485 622.338 152.333 116.241 611.542 144.632 159.492 579.344
000106_depth.png 202.756 108.732 632.793 174.827 102.377 622.957 161.778 103.316 620.304 152.632 116.326 608.430 145.090 159.009 576.278
000107_depth.png 201.877 108.783 629.997 174.634 103.373 628.107 160.978 103.498 601.794 150.674 117.066 601.180 144.290 158.097 562.101
000108_depth.png 201.940 108.997 624.713 173.030 104.513 613.212 160.449 103.809 611.280 151.433 117.601 599.064 144.410 158.480 567.311
000109_depth.png 201.935 108.968 624.797 172.981 104.472 613.138 160.446 103.804 611.332 151.406 117.595 599.073 144.366 158.480 567.350
000110_depth.png 201.014 108.995 624.665 172.146 104.583 613.259 159.543 103.848 611.122 151.368 117.587 599.052 144.425 157.524 567.309
000111_depth.png 199.164 108.705 620.173 171.461 102.606 607.609 157.583 101.226 604.061 149.758 118.534 592.086 142.098 154.859 561.359
000112_depth.png 198.986 107.197 614.864 169.768 102.335 604.839 157.012 100.926 601.263 149.168 117.978 589.435 141.208 153.955 558.443
000113_depth.png 195.729 109.692 611.115 168.655 101.527 601.512 154.270 99.851 595.912 143.712 118.503 584.288 141.434 152.201 559.055
000114_depth.png 193.302 106.861 615.000 165.255 101.385 604.595 150.766 100.593 599.554 142.120 120.324 588.287 140.147 150.562 561.994
000115_depth.png 191.853 107.025 609.953 163.446 100.389 599.052 149.250 98.204 592.153 138.677 119.856 582.180 136.724 149.884 556.880
000116_depth.png 190.271 107.206 610.973 162.585 100.266 600.299 148.357 98.603 594.341 137.307 119.163 583.007 135.216 149.961 557.872
000117_depth.png 186.631 104.752 615.266 158.901 99.526 604.674 145.616 99.791 604.900 135.407 118.498 588.394 132.990 148.945 561.849
000118_depth.png 184.340 104.844 614.069 156.633 99.443 604.698 142.837 100.256 604.626 132.592 118.422 587.471 129.919 149.165 561.192
000119_depth.png 183.125 104.728 621.791 154.002 98.847 609.543 140.631 99.826 610.036 130.232 118.478 593.551 127.711 148.484 566.945
000120_depth.png 179.259 104.349 617.325 151.311 98.933 606.944 137.635 99.764 606.123 127.644 118.006 590.613 125.146 149.231 563.863
000121_depth.png 177.328 104.342 606.061 149.102 98.692 595.652 135.733 96.486 588.900 125.126 117.903 579.336 122.658 148.792 553.005
000122_depth.png 175.972 103.104 597.963 146.685 96.912 586.276 132.420 96.519 581.489 121.931 119.321 568.478 119.844 147.265 531.051
000123_depth.png 174.976 102.898 605.175 146.216 97.178 594.569 130.638 96.229 584.934 120.270 121.362 576.303 119.256 145.925 551.785
000124_depth.png 173.843 102.251 605.255 144.633 96.199 594.080 128.999 95.174 584.538 118.486 121.493 576.144 118.176 144.122 551.835
000125_depth.png 172.396 101.271 607.124 143.807 95.711 596.316 128.178 94.720 586.770 118.330 121.505 578.451 116.545 143.774 554.078
000126_depth.png 170.253 99.653 603.156 142.000 94.820 591.843 126.687 94.123 581.794 123.677 133.780 573.709 115.807 142.352 549.418
000127_depth.png 170.669 100.936 597.847 141.783 94.364 586.272 126.015 93.221 576.935 124.184 122.455 568.908 116.357 139.000 544.064
000128_depth.png 173.023 110.567 627.916 147.467 96.413 609.346 132.039 93.779 589.275 121.625 131.061 554.375 122.759 138.046 534.794
000129_depth.png 172.254 110.837 628.014 147.356 96.490 609.670 132.439 93.703 588.748 121.139 129.583 554.396 122.819 137.508 535.267
000130_depth.png 172.240 112.079 624.803 148.565 96.898 606.448 134.027 93.470 584.494 122.004 129.403 550.549 123.794 137.263 531.791
000131_depth.png 172.293 114.351 620.309 151.237 98.224 593.485 137.432 93.604 585.641 123.872 128.428 539.370 126.082 136.497 536.007
000132_depth.png 173.036 115.160 624.024 152.129 98.829 605.850 137.801 94.654 583.226 125.119 129.156 549.504 126.982 137.463 530.777
000133_depth.png 175.241 116.161 631.679 154.883 99.210 613.541 141.597 94.834 591.177 127.647 128.624 557.588 128.560 137.338 538.398
000134_depth.png 164.185 107.742 625.678 158.282 97.961 626.713 145.282 93.229 604.881 131.555 130.071 561.674 133.427 132.141 529.419
000135_depth.png 165.937 107.949 615.417 161.130 97.866 617.671 147.459 93.436 594.886 132.852 130.463 549.629 134.833 132.329 518.882
000136_depth.png 168.186 107.115 620.187 163.522 97.583 623.238 150.852 93.296 599.389 135.687 130.049 556.709 137.629 131.808 523.709
000137_depth.png 167.902 107.336 601.113 164.551 98.137 616.873 151.261 93.835 599.689 136.900 130.563 544.833 138.574 132.808 522.139
000138_depth.png 171.000 108.144 612.434 164.780 97.719 610.703 152.045 93.113 590.727 137.971 128.984 546.540 140.000 131.457 514.951
000139_depth.png 171.696 109.066 618.745 165.775 98.565 616.798 153.081 94.532 596.248 138.921 130.457 552.362 140.975 132.430 521.108
000140_depth.png 173.852 109.914 627.033 167.975 99.511 625.656 155.197 95.694 605.740 140.648 131.432 561.358 143.577 133.274 532.416
000141_depth.png 175.565 109.192 617.140 169.296 99.116 616.185 157.152 95.232 595.249 142.657 131.872 551.344 145.519 133.844 521.287
000142_depth.png 177.101 109.273 623.183 170.464 99.426 621.689 158.063 95.547 601.293 143.833 131.514 557.270 146.285 133.844 527.661
000143_depth.png 177.861 109.224 623.329 171.489 99.307 621.722 159.104 95.493 601.411 145.861 131.779 557.365 147.915 133.943 526.500
000144_depth.png 178.213 109.930 614.676 171.543 99.912 613.222 159.141 95.854 592.697 145.952 132.293 548.467 147.946 134.422 518.257
000145_depth.png 180.459 110.207 621.951 174.787 100.628 622.608 161.793 96.634 601.501 149.703 134.238 557.851 151.671 135.821 524.437
000146_depth.png 181.087 111.318 600.226 178.382 103.128 588.942 161.868 96.961 579.013 149.821 132.575 558.190 150.814 130.889 528.224
000147_depth.png 183.025 112.613 613.214 179.343 104.245 601.181 163.882 97.778 591.935 151.719 133.238 571.224 152.608 131.933 540.721
000148_depth.png 183.652 112.827 618.205 179.704 104.971 606.179 164.579 97.816 597.245 153.554 133.051 576.371 154.549 131.219 545.992
000149_depth.png 184.234 112.273 613.429 181.636 104.456 601.840 165.429 98.324 591.836 154.666 132.998 571.208 155.671 131.509 541.040
000150_depth.png 184.543 112.282 599.104 182.123 105.240 606.423 167.843 99.303 601.632 155.634 133.241 571.901 156.623 130.312 544.091
000151_depth.png 186.462 112.710 609.787 183.750 104.935 598.364 168.048 99.994 588.486 157.720 133.463 568.293 159.000 131.705 538.373
000152_depth.png 187.447 112.684 600.321 185.412 104.766 590.068 169.772 100.206 579.482 159.179 133.799 559.347 160.330 131.610 529.385
000153_depth.png 189.510 113.645 608.894 186.733 105.930 597.161 171.045 100.075 587.732 160.852 133.206 567.249 161.923 131.746 537.368
000154_depth.png 191.528 113.402 607.077 188.880 105.400 595.572 173.203 100.475 585.525 163.820 133.224 565.321 164.812 131.519 535.425
000155_depth.png 200.688 115.942 620.598 190.096 104.265 614.568 178.597 101.658 610.954 167.485 132.335 574.278 165.548 133.344 555.253
000156_depth.png 201.038 114.156 605.595 191.005 104.135 604.246 179.269 102.252 604.001 168.515 132.998 553.959 167.640 131.956 543.102
000157_depth.png 201.441 113.338 616.689 191.632 103.456 612.943 180.506 101.682 608.186 170.802 132.538 571.459 168.812 133.312 554.004
000158_depth.png 202.671 114.128 612.501 192.738 103.901 608.689 181.151 103.031 604.029 171.712 132.970 567.593 169.835 133.349 549.947
000159_depth.png 218.476 118.943 608.325 198.905 98.853 591.476 184.169 96.840 583.651 173.272 132.752 575.842 173.233 135.502 545.897
000160_depth.png 225.695 113.492 605.341 203.637 94.017 592.436 188.596 92.354 586.212 173.820 134.626 576.060 172.836 137.439 545.740
000161_depth.png 226.540 113.351 598.640 206.409 93.718 588.039 189.629 93.458 585.138 174.794 135.088 572.265 173.830 137.586 543.360
000162_depth.png 229.111 112.554 600.411 206.125 92.999 587.406 190.844 92.315 581.388 175.299 135.259 571.070 174.172 138.108 540.511
000163_depth.png 231.723 111.076 597.683 207.341 92.253 584.379 191.704 91.168 578.673 176.180 134.960 568.025 175.172 137.701 537.322
000164_depth.png 234.007 109.674 596.422 209.625 91.073 582.826 193.108 89.790 578.085 178.187 133.950 566.918 177.178 136.865 536.601
000165_depth.png 237.175 105.514 574.746 212.417 87.488 571.386 194.553 90.449 581.418 182.191 134.519 571.918 179.328 138.190 557.737
000166_depth.png 238.167 103.525 574.968 212.984 86.072 572.401 195.162 89.860 582.546 182.724 133.544 572.936 180.714 136.998 559.002
000167_depth.png 239.766 103.525 576.062 213.601 85.882 573.406 195.750 89.808 583.510 184.178 134.335 573.990 182.288 137.682 560.155
000168_depth.png 239.567 101.582 568.720 211.550 86.058 568.634 194.456 90.517 583.510 184.695 132.832 556.326 183.418 137.898 563.735
000169_depth.png 238.982 99.877 575.762 206.672 89.003 574.147 190.180 96.479 582.631 185.001 131.710 573.944 183.950 135.966 559.675
000170_depth.png 219.725 121.105 587.948 205.549 120.112 587.758 194.209 118.462 595.233 185.142 120.712 595.914 184.114 131.110 585.547
000171_depth.png 220.678 120.032 580.261 207.319 119.476 581.673 194.694 118.455 590.907 185.890 120.459 590.209 185.445 128.602 580.101
000172_depth.png 222.895 116.095 582.007 206.890 117.384 584.893 196.636 115.360 591.906 187.787 116.309 591.384 187.507 126.372 579.949
000173_depth.png 223.588 117.546 572.092 208.832 116.329 574.416 197.270 114.578 582.458 187.809 115.930 581.882 187.263 124.009 570.866
000174_depth.png 223.263 116.415 575.164 208.398 115.541 576.302 198.094 113.299 583.315 189.130 114.142 583.238 188.811 123.139 571.940
000175_depth.png 221.892 115.223 567.128 210.751 115.221 566.257 199.384 113.089 576.058 188.674 116.997 561.002 189.896 121.072 569.162
000176_depth.png 223.840 115.104 573.357 210.708 115.015 574.789 199.537 111.827 581.880 189.782 112.037 580.131 190.014 121.128 568.283
000177_depth.png 224.769 112.127 569.259 209.700 109.575 586.239 203.390 117.213 561.989 190.519 106.936 581.867 188.256 124.936 560.009
000178_depth.png 223.681 112.248 575.776 208.322 110.726 602.772 202.063 116.692 586.212 198.925 97.732 581.396 188.428 124.752 568.132
000179_depth.png 222.573 113.404 568.600 205.870 110.247 596.933 200.491 116.371 575.488 188.983 91.035 569.914 187.342 125.236 560.113
000180_depth.png 221.933 114.499 573.316 205.524 111.277 601.211 198.089 116.812 580.060 189.547 89.771 571.456 188.326 126.757 564.790
000181_depth.png 219.918 114.967 575.466 204.203 111.589 602.985 201.156 122.402 576.600 189.059 89.673 572.641 191.034 126.958 566.756
000182_depth.png 219.740 117.755 570.460 206.456 115.357 598.822 196.001 117.952 582.095 189.928 90.530 547.027 187.318 127.184 556.740
000183_depth.png 219.876 118.382 577.857 205.573 115.864 605.615 197.184 120.303 583.592 190.705 90.455 573.598 189.897 129.138 569.203
000184_depth.png 218.433 119.651 579.439 203.248 116.392 606.527 194.959 121.328 584.691 190.677 91.546 574.464 189.742 129.336 569.680
000185_depth.png 217.339 121.142 588.294 201.232 117.453 614.455 193.270 122.807 592.126 190.647 91.319 581.158 187.551 134.377 581.034
000186_depth.png 215.965 122.503 591.980 200.285 118.997 618.205 192.204 124.066 595.738 191.952 92.173 585.209 186.194 135.810 585.053
000187_depth.png 213.458 124.025 593.698 198.237 120.313 619.239 189.903 125.297 596.860 189.812 92.675 585.753 184.022 136.993 586.041
000188_depth.png 211.124 124.824 596.527 196.315 121.887 622.081 188.208 126.177 599.384 188.979 93.347 588.640 182.376 139.663 590.412
000189_depth.png 208.267 127.346 595.593 194.000 124.028 620.405 186.142 127.639 597.646 187.000 94.628 586.466 180.277 141.149 588.459
000190_depth.png 206.997 129.130 597.201 193.000 125.788 621.351 185.548 129.262 599.241 186.554 96.346 587.535 179.734 142.624 589.682
000191_depth.png 211.402 141.991 588.771 195.467 138.993 615.297 188.010 139.567 625.962 188.015 94.274 586.125 190.019 140.184 575.857
000192_depth.png 211.315 144.107 595.352 194.992 141.480 622.577 189.132 141.474 632.275 190.061 96.728 593.645 190.743 142.268 582.122
000193_depth.png 211.119 146.025 606.260 193.123 142.096 633.558 187.712 142.267 643.136 191.270 100.285 606.434 189.089 143.385 592.918
000194_depth.png 208.960 147.184 604.975 191.747 143.803 632.668 186.431 144.070 642.099 186.966 101.911 605.051 187.728 145.138 591.954
000195_depth.png 208.909 148.976 597.063 191.369 146.148 624.262 186.394 146.119 633.606 185.791 103.645 597.392 187.432 147.249 584.128
000196_depth.png 208.326 148.315 601.816 190.750 144.673 629.869 185.906 144.838 639.017 185.194 104.167 602.267 186.875 146.097 588.994
000197_depth.png 208.583 149.313 600.486 190.940 147.031 624.673 186.152 146.970 637.695 183.179 104.114 586.739 186.978 148.718 580.126
000198_depth.png 208.496 149.039 594.058 191.359 146.741 621.101 186.437 146.998 630.896 180.053 104.344 593.783 187.336 148.768 580.982
000199_depth.png 208.962 148.844 603.076 189.810 146.708 630.676 185.130 146.778 640.239 177.218 105.215 602.488 185.993 148.339 590.574
000200_depth.png 208.527 149.526 598.071 189.109 147.599 625.781 184.228 147.419 635.332 175.511 105.526 597.473 185.247 148.793 585.775
000201_depth.png 207.556 149.664 598.945 188.111 148.082 626.490 183.227 148.084 636.084 174.740 105.162 597.881 184.206 149.825 586.720
000202_depth.png 205.703 148.043 580.310 193.800 145.054 593.315 185.039 149.381 567.634 172.262 102.533 548.819 198.344 147.431 558.137
000203_depth.png 204.715 146.430 580.312 191.997 144.525 591.543 182.717 148.908 567.761 170.206 100.093 548.712 196.201 147.810 557.791
000204_depth.png 202.984 144.791 568.301 190.047 143.646 579.829 180.664 149.134 555.821 166.738 98.110 536.899 193.931 146.818 545.989
000205_depth.png 202.471 145.223 562.725 188.770 142.043 589.222 179.267 147.852 559.731 166.117 95.172 539.643 191.753 146.722 553.664
000206_depth.png 202.065 138.504 588.100 187.842 140.710 597.224 178.242 145.230 577.905 165.784 92.994 555.374 191.831 145.529 564.896
000207_depth.png 202.930 138.281 580.990 188.302 140.649 589.874 177.625 145.182 571.503 166.962 92.476 548.376 191.855 146.110 558.686
000208_depth.png 203.782 139.166 577.332 188.551 140.546 586.562 177.992 145.564 569.235 168.885 92.896 545.572 192.216 146.502 555.583
000209_depth.png 203.637 137.938 558.327 189.915 138.974 568.128 179.029 144.161 549.746 170.578 89.644 526.522 193.716 144.536 536.468
000210_depth.png 204.498 137.236 554.279 190.458 137.905 563.315 178.626 142.531 546.014 171.955 87.093 522.548 193.486 144.179 532.142
000211_depth.png 203.466 134.805 563.213 189.325 136.569 571.745 177.479 140.045 556.362 173.405 84.878 531.579 191.879 143.324 541.717
000212_depth.png 204.270 133.240 568.462 193.510 132.681 591.570 178.222 133.909 592.950 177.000 80.777 535.077 190.119 142.770 558.567
000213_depth.png 204.668 133.769 564.718 194.004 133.127 587.635 178.081 134.142 589.266 178.310 80.367 531.123 189.747 143.087 555.618
000214_depth.png 203.542 134.293 557.303 193.055 132.917 579.578 177.687 134.130 580.977 180.685 79.246 522.992 188.925 142.766 547.131
000215_depth.png 201.519 135.358 546.375 190.812 131.681 580.479 174.824 132.702 584.636 179.575 74.882 498.748 184.948 141.958 551.970
000216_depth.png 195.962 132.708 557.564 189.902 132.283 580.958 175.781 130.904 583.816 176.825 79.848 530.517 180.090 147.299 559.641
000217_depth.png 194.977 134.890 552.146 188.453 132.132 575.632 174.029 130.085 588.729 177.025 74.661 490.951 179.537 145.837 561.939
000218_depth.png 194.149 132.584 565.484 187.542 132.133 588.720 173.230 130.378 591.872 175.670 78.274 538.383 177.350 146.121 567.469
000219_depth.png 193.985 133.562 562.642 187.522 133.105 585.791 172.668 131.870 588.791 175.320 80.673 535.636 177.934 147.578 564.596
000220_depth.png 196.067 133.759 566.711 189.596 132.584 589.902 174.674 130.914 592.850 177.734 79.347 539.492 179.080 146.815 568.410
000221_depth.png 193.850 133.205 563.748 188.391 132.680 586.796 173.753 131.315 589.762 176.190 81.204 536.595 178.750 146.974 565.556
000222_depth.png 195.299 133.472 571.520 188.744 132.960 594.761 173.261 131.538 597.977 176.312 80.758 544.389 177.903 147.802 573.363
000223_depth.png 194.280 134.096 575.535 187.729 133.186 598.887 172.441 131.306 601.983 175.250 80.871 548.436 176.762 147.361 577.317
000224_depth.png 191.894 136.096 565.622 185.448 135.486 588.797 170.833 133.575 591.917 173.551 82.077 538.488 174.977 149.426 567.460
000225_depth.png 189.583 136.869 568.138 183.089 135.486 590.757 168.832 134.138 593.700 171.804 83.953 540.654 174.566 149.644 569.686
000226_depth.png 189.677 136.467 576.816 183.883 135.533 599.784 169.481 134.032 602.811 171.595 83.979 549.655 174.792 149.847 578.426
000227_depth.png 190.174 135.515 572.619 183.941 135.025 595.789 169.624 133.977 598.723 171.312 83.898 545.725 174.375 149.328 574.597
000228_depth.png 189.442 135.205 579.923 183.302 134.778 603.051 169.340 133.564 606.102 170.334 84.095 552.892 174.792 149.054 581.915
000229_depth.png 196.222 134.511 610.441 186.037 133.796 618.754 175.730 128.253 635.047 168.241 83.811 575.862 179.770 143.070 599.953
000230_depth.png 189.038 134.590 579.825 183.519 134.547 603.047 169.047 132.908 606.336 167.159 84.098 553.128 175.286 148.925 582.131
000231_depth.png 195.164 133.149 606.800 182.532 131.139 609.344 171.406 133.382 624.466 167.718 84.947 577.088 177.951 144.769 604.400
000232_depth.png 194.842 133.256 606.968 182.110 130.704 609.613 171.747 132.622 624.801 167.008 84.968 577.450 178.098 144.220 604.557
000233_depth.png 194.779 132.442 624.269 185.542 132.493 632.632 175.432 127.524 649.834 166.264 83.912 590.585 178.275 141.612 614.424
000234_depth.png 195.933 133.450 629.756 185.704 132.982 638.254 175.449 127.256 656.649 166.562 85.298 596.612 177.637 143.008 620.894
000235_depth.png 196.398 133.884 634.487 186.505 133.438 642.554 176.479 127.757 659.880 168.835 85.527 600.518 179.688 142.431 624.622
000236_depth.png 196.477 133.931 612.199 183.983 131.833 614.612 173.742 134.159 629.817 170.874 86.481 582.400 180.010 145.222 609.560
000237_depth.png 194.705 137.713 589.382 182.859 131.684 613.469 171.829 133.206 625.648 169.666 84.461 549.363 178.705 143.975 607.190
000238_depth.png 195.592 135.061 628.410 186.486 134.963 636.668 176.427 129.779 653.865 168.768 86.392 594.463 179.732 144.149 618.214
000239_depth.png 195.990 135.172 629.615 186.909 134.823 637.777 176.813 129.867 655.182 168.852 86.584 595.717 179.814 144.155 619.538
000240_depth.png 195.379 133.973 633.808 185.476 133.973 642.020 175.536 128.708 659.095 168.806 86.188 599.689 179.401 142.681 623.519
000241_depth.png 195.879 133.696 640.370 186.329 133.366 648.189 176.525 127.850 665.018 169.327 86.153 605.710 179.958 142.288 629.668
000242_depth.png 195.174 132.938 643.874 185.371 132.762 652.325 175.608 127.519 668.706 169.474 86.066 609.579 179.531 141.416 633.490
000243_depth.png 195.848 133.818 639.668 187.003 134.084 647.656 177.062 129.220 665.243 168.047 86.834 605.716 179.248 143.166 629.850
000244_depth.png 194.520 134.887 615.324 184.976 133.426 631.245 174.889 129.512 654.479 168.631 83.088 577.796 179.169 141.759 614.465
000245_depth.png 195.098 133.909 627.778 186.596 133.099 636.179 175.668 128.141 654.333 166.907 85.181 594.789 179.421 143.872 618.582
000246_depth.png 194.939 132.369 626.595 186.381 132.368 635.459 176.249 126.764 653.545 166.429 84.607 593.833 179.780 142.880 617.243
000247_depth.png 193.784 131.062 629.156 185.860 131.068 637.164 175.915 125.777 654.063 166.804 83.323 594.947 178.789 139.450 618.515
000248_depth.png 195.346 132.475 623.734 186.784 132.330 632.502 176.664 128.580 650.751 165.624 84.947 590.924 180.256 142.955 614.130
000249_depth.png 192.656 116.768 649.135 178.461 118.975 658.198 175.871 96.250 653.917 164.482 89.014 607.985 182.357 140.213 618.795
000250_depth.png 191.907 118.500 644.666 177.926 119.311 653.740 176.070 90.431 642.994 163.976 89.254 602.974 182.348 140.449 613.269
000251_depth.png 192.000 120.305 642.628 177.681 120.681 650.372 176.702 90.985 639.499 164.033 89.417 583.626 184.403 141.809 608.660
000252_depth.png 192.332 121.077 648.834 178.368 121.526 657.815 177.637 91.055 646.082 163.720 92.043 607.051 182.185 142.822 617.817
000253_depth.png 193.542 122.413 642.644 179.536 123.168 651.133 179.365 91.941 638.619 163.971 93.153 600.152 183.580 142.417 609.880
000254_depth.png 194.566 121.251 669.505 177.562 121.056 673.967 182.733 84.849 620.842 164.838 91.518 608.610 185.365 147.509 611.363
000255_depth.png 191.822 119.079 646.555 177.993 119.191 660.659 183.611 83.128 602.860 163.226 92.604 588.152 187.790 150.742 608.552
000256_depth.png 193.325 121.792 665.392 177.772 122.869 668.815 183.927 85.885 618.025 162.170 89.794 572.540 185.585 147.468 606.736
000257_depth.png 190.982 120.080 651.276 177.063 120.132 664.273 182.959 83.701 606.888 159.213 93.856 592.024 186.034 150.383 612.663
000258_depth.png 190.860 120.311 652.654 176.500 120.646 665.134 182.286 83.956 607.530 157.749 94.086 592.831 185.795 150.112 613.877
000259_depth.png 190.209 120.352 653.906 175.803 120.670 665.058 181.937 83.336 602.841 154.953 91.334 555.593 185.107 150.291 614.731
000260_depth.png 189.410 119.936 653.446 174.451 120.710 664.974 181.694 83.155 608.388 153.710 94.225 593.934 183.926 150.287 615.097
000261_depth.png 189.323 119.323 656.058 174.094 119.781 666.225 180.778 82.537 610.510 153.108 93.693 596.190 183.904 149.287 617.062
000262_depth.png 188.964 118.950 655.372 173.313 118.922 666.128 180.541 81.879 610.910 153.507 92.728 596.268 183.862 147.716 617.437
000263_depth.png 188.781 119.278 652.866 173.322 119.560 662.983 180.253 82.145 607.812 153.128 93.662 593.252 184.036 149.426 614.240
000264_depth.png 189.097 118.923 654.907 173.368 119.236 664.786 179.561 81.846 609.635 153.240 93.379 595.238 184.030 148.905 616.258
000265_depth.png 185.817 125.810 651.534 178.500 97.117 635.946 178.062 81.126 597.634 153.063 95.507 606.148 181.159 146.887 613.139
000266_depth.png 185.285 125.745 649.469 178.164 97.383 633.433 177.616 81.733 595.473 153.602 96.524 604.729 181.677 147.277 610.631
000267_depth.png 185.435 125.504 652.445 178.367 97.222 619.625 177.735 82.566 591.112 153.223 95.657 570.140 181.549 148.405 612.580
000268_depth.png 189.051 120.552 605.343 183.590 93.203 618.037 177.915 83.453 603.265 153.711 96.615 604.287 185.838 149.953 543.135
000269_depth.png 188.898 120.922 603.517 185.181 91.566 614.647 177.708 83.307 602.958 153.012 96.769 604.000 185.385 150.059 539.003
000270_depth.png 189.028 121.881 593.983 186.769 90.523 616.077 172.886 84.445 602.839 152.291 97.728 602.024 185.137 151.075 534.019
000271_depth.png 189.515 122.839 601.228 187.230 90.843 617.824 167.506 86.003 609.918 151.304 98.090 605.222 185.895 151.990 539.019
000272_depth.png 188.941 122.382 589.786 185.751 89.700 614.076 164.755 85.409 599.410 151.447 98.164 608.052 185.780 151.511 618.216
000273_depth.png 188.658 122.420 583.762 185.049 88.435 600.342 163.733 87.082 603.301 151.124 99.338 612.000 185.794 151.813 534.024
000274_depth.png 186.894 119.943 660.385 185.171 90.790 611.422 163.723 89.785 610.403 150.680 99.781 605.285 181.854 146.916 627.878
000275_depth.png 186.454 119.176 666.226 185.427 90.413 617.121 163.409 89.420 616.349 150.537 99.534 611.347 181.960 146.915 633.713
000276_depth.png 186.641 118.798 666.739 184.656 89.886 618.112 162.868 88.130 617.511 149.888 98.958 612.357 180.749 146.328 635.274
000277_depth.png 186.895 118.930 660.933 185.170 90.560 611.852 163.846 88.872 611.160 150.115 99.463 606.295 180.804 146.046 629.487
000278_depth.png 186.295 118.729 664.100 185.505 89.994 614.953 164.138 88.366 614.191 150.342 98.994 609.255 181.179 145.171 632.182
000279_depth.png 186.867 118.812 659.049 185.093 90.074 609.905 163.747 87.676 609.507 149.931 98.846 604.258 180.839 145.713 627.470
000280_depth.png 186.043 117.481 659.545 183.862 89.333 606.992 163.570 86.728 611.144 149.181 96.527 586.238 180.614 145.850 624.460
000281_depth.png 185.329 117.366 664.315 184.118 89.268 615.885 163.112 86.862 615.458 149.260 98.336 610.231 180.161 145.310 633.010
000282_depth.png 185.883 116.410 658.582 184.024 88.711 609.533 162.807 85.937 609.614 148.814 97.960 604.223 179.834 144.838 627.554
000283_depth.png 185.008 114.857 654.899 183.766 88.787 608.720 161.766 85.713 608.642 148.743 98.240 603.262 179.913 144.818 626.405
000284_depth.png 201.133 108.871 622.387 182.447 88.204 610.318 161.303 86.402 603.130 148.425 97.850 601.686 181.351 145.234 538.025
000285_depth.png 205.959 105.065 600.336 179.829 88.270 598.263 159.643 86.932 600.166 146.135 97.224 571.992 177.352 142.405 601.781
000286_depth.png 205.833 104.981 605.189 178.875 88.155 606.308 157.598 86.735 604.292 145.276 98.949 603.432 176.857 142.376 608.581
000287_depth.png 206.141 104.845 610.113 178.624 88.578 611.250 157.706 87.528 609.423 145.135 99.276 608.862 176.565 142.186 613.717
000288_depth.png 207.438 106.462 602.190 179.867 88.538 608.700 158.030 85.937 604.893 145.114 99.215 607.727 157.199 143.056 643.915
000289_depth.png 208.137 105.201 602.341 180.082 88.568 608.564 159.125 86.186 604.970 145.153 100.275 607.497 157.484 143.821 644.284
000290_depth.png 208.062 106.302 596.506 180.863 89.835 602.547 159.674 86.958 599.378 145.906 101.565 601.719 157.788 144.657 637.728
000291_depth.png 208.054 106.508 596.280 180.978 89.586 602.483 159.630 86.665 599.353 146.181 101.084 601.770 157.789 144.350 637.889
000292_depth.png 208.683 105.647 597.288 180.889 89.407 603.531 159.806 85.846 599.867 145.932 100.651 602.566 158.884 145.111 640.859
000293_depth.png 209.244 106.107 594.462 182.163 88.455 600.561 160.858 85.573 597.659 147.019 99.980 599.632 158.817 143.782 635.704
000294_depth.png 209.289 104.778 592.343 181.421 88.773 598.555 161.103 85.143 594.991 147.172 100.003 597.530 160.011 145.330 636.573
000295_depth.png 209.444 104.089 586.232 182.121 88.166 592.490 160.571 84.523 588.620 146.652 99.206 591.848 159.527 144.499 629.675
000296_depth.png 209.719 104.513 590.755 181.202 87.208 597.577 160.859 84.315 593.660 147.026 98.067 596.556 158.086 143.450 632.895
000297_depth.png 209.021 105.306 598.777 180.955 88.092 605.472 160.445 84.510 601.721 146.733 97.913 604.498 157.640 144.335 641.667
000298_depth.png 209.027 103.957 590.594 181.475 88.260 591.662 161.026 85.082 593.734 146.544 96.741 568.009 145.338 146.481 616.619
000299_depth.png 207.736 106.300 600.925 181.869 88.750 604.926 161.322 86.358 596.798 146.584 101.588 588.348 137.452 147.742 554.983
000300_depth.png 207.776 106.445 600.092 182.023 89.528 604.003 161.514 87.215 595.885 146.812 101.849 587.341 136.553 145.769 556.354
000301_depth.png 207.091 107.750 605.031 181.292 90.145 608.898 161.402 87.203 601.052 146.189 100.846 592.398 131.528 145.657 562.557
000302_depth.png 207.251 108.325 607.192 181.769 90.766 610.912 161.830 87.867 603.047 146.754 101.460 594.374 131.910 144.730 564.777
000303_depth.png 207.492 108.685 609.986 181.962 91.112 613.874 161.673 88.519 605.997 147.021 100.914 597.406 129.443 143.880 567.808
000304_depth.png 208.447 109.639 605.895 183.235 91.962 609.886 163.108 88.992 602.029 148.447 102.607 593.389 132.335 143.130 563.942
000305_depth.png 208.305 109.774 608.075 183.408 91.720 612.016 162.731 88.743 604.057 147.745 101.081 595.312 130.957 142.543 565.611
000306_depth.png 208.025 109.390 602.916 183.727 91.681 607.161 162.407 88.280 598.871 147.801 101.397 590.281 132.358 141.818 561.079
000307_depth.png 208.454 109.790 607.080 183.531 91.835 610.998 163.620 88.652 603.050 148.560 101.422 594.369 131.801 141.749 564.574
000308_depth.png 208.664 110.806 605.916 184.323 92.001 609.950 164.155 88.369 601.905 149.921 99.727 593.411 132.592 139.552 563.661
000309_depth.png 209.883 111.610 609.002 185.691 92.385 612.959 165.751 89.222 605.021 151.138 100.134 596.338 134.354 138.525 566.415
000310_depth.png 210.224 113.008 600.289 186.696 93.461 607.502 167.497 90.241 597.653 151.831 97.539 560.021 135.718 136.846 542.388
000311_depth.png 210.022 114.706 612.915 186.690 94.475 616.982 167.248 90.023 609.011 152.403 100.769 600.369 136.282 136.631 570.437
000312_depth.png 210.847 115.099 607.102 186.969 95.080 611.283 167.699 91.087 603.235 152.954 101.512 594.523 138.056 135.408 564.596
000313_depth.png 209.250 117.255 624.056 185.562 104.974 647.396 169.592 98.061 649.547 156.500 101.079 599.989 139.311 131.368 567.716
000314_depth.png 209.921 118.617 618.735 185.722 106.045 642.436 170.562 98.939 644.815 159.460 100.844 594.007 139.520 132.459 561.629
000315_depth.png 210.153 119.308 614.970 185.482 107.524 643.328 171.068 100.814 635.333 160.590 96.132 547.885 138.925 132.375 548.157
000316_depth.png 210.021 121.060 617.537 185.209 109.131 642.630 172.778 103.364 649.291 162.704 101.906 592.699 140.292 133.089 559.520
000317_depth.png 210.001 121.683 627.053 182.110 117.329 665.663 169.094 106.304 629.842 164.115 100.781 585.347 141.058 133.495 565.004
000318_depth.png 208.707 123.973 620.003 180.343 123.700 599.462 170.332 120.506 611.658 165.015 97.479 585.100 141.778 132.256 565.000
000319_depth.png 207.516 125.344 667.535 180.428 125.000 629.073 170.783 120.378 641.332 166.327 97.138 595.218 141.867 131.730 577.801
000320_depth.png 207.394 124.658 665.178 178.469 123.186 575.317 171.539 121.171 650.444 167.454 97.260 588.093 142.242 131.110 572.355
000321_depth.png 205.955 125.435 631.387 178.674 123.168 660.420 169.056 121.077 613.701 167.431 96.295 586.051 142.142 130.548 572.980
000322_depth.png 201.396 131.567 635.747 178.386 123.382 646.704 169.354 120.487 653.394 168.685 96.172 592.571 142.606 130.877 579.317
000323_depth.png 194.106 133.669 654.916 182.391 126.152 685.462 172.645 122.794 694.449 170.122 92.661 557.172 143.223 130.290 570.910
000324_depth.png 194.221 135.200 647.762 181.722 126.760 678.523 173.149 122.895 687.383 171.143 95.670 581.806 143.871 130.333 574.807
000325_depth.png 192.871 134.937 654.711 183.152 127.947 686.525 173.812 124.254 694.652 171.938 97.523 588.741 145.149 131.188 580.892
000326_depth.png 192.272 135.378 648.162 182.803 128.043 680.656 173.359 124.245 688.230 171.748 97.046 582.740 144.595 131.305 575.176
000327_depth.png 191.611 135.851 650.588 182.693 128.655 682.406 173.812 124.287 689.731 172.414 97.917 584.936 145.622 130.326 578.043
000328_depth.png 194.672 156.577 607.712 187.892 151.531 608.401 176.923 149.377 624.468 175.530 101.396 611.762 171.797 143.802 600.132
000329_depth.png 192.335 157.492 606.821 185.879 153.400 607.239 175.664 151.048 625.195 175.099 103.444 612.076 173.616 145.485 604.199
000330_depth.png 192.576 158.388 609.843 186.906 153.878 610.037 176.652 152.074 628.497 176.972 105.300 614.780 172.891 147.168 608.497
000331_depth.png 192.630 159.127 607.920 185.800 154.853 607.598 176.347 152.511 626.910 175.996 105.128 613.784 173.886 147.091 606.804
000332_depth.png 192.730 158.255 608.663 186.773 153.852 608.450 176.421 152.738 627.615 176.713 106.055 613.740 172.891 147.142 607.561
000333_depth.png 192.897 159.243 605.936 185.979 155.156 605.636 176.525 152.928 624.725 176.205 106.555 612.499 173.462 147.930 603.812
000334_depth.png 193.000 159.127 611.070 186.166 155.011 612.064 176.193 151.643 627.749 174.892 105.706 616.517 172.712 149.450 604.560
000335_depth.png 192.256 158.933 604.112 185.561 154.772 603.705 176.075 152.473 622.805 174.762 105.993 610.569 171.396 150.364 599.218
000336_depth.png 192.000 159.338 601.413 186.267 155.088 601.916 176.019 151.776 618.586 173.737 105.526 606.734 170.688 150.253 594.668
000337_depth.png 192.422 158.905 602.074 185.517 154.953 602.637 175.344 151.967 619.165 173.167 105.065 608.129 171.258 150.223 595.507
000338_depth.png 192.421 158.915 603.703 185.397 154.749 604.031 175.220 151.642 621.047 172.931 105.134 609.774 171.266 149.639 597.733
000339_depth.png 191.857 158.948 605.790 184.494 154.842 606.495 174.225 152.109 624.556 172.831 106.352 612.681 169.935 149.836 601.104
000340_depth.png 190.891 157.641 600.736 185.125 153.052 600.449 174.631 151.432 620.090 172.853 105.626 606.887 170.558 145.785 599.950
000341_depth.png 191.752 157.326 595.842 184.011 153.825 595.630 173.648 151.320 613.336 171.352 104.232 601.991 169.013 148.762 590.178
000342_depth.png 192.344 155.763 602.062 184.648 151.934 603.197 174.546 149.301 619.137 170.395 102.014 607.343 169.281 147.293 595.582
000343_depth.png 194.267 156.144 598.949 185.575 151.928 598.312 174.554 150.152 620.772 170.442 98.529 569.247 169.022 145.631 589.769
000344_depth.png 194.359 154.646 594.882 184.986 151.137 596.123 173.907 149.223 611.264 169.793 101.462 601.653 169.692 146.335 588.213
000345_depth.png 194.513 155.029 599.141 185.130 151.275 601.024 173.099 148.378 616.513 169.188 102.034 606.014 168.952 146.656 592.293
000346_depth.png 195.491 154.374 595.029 186.280 151.097 597.128 174.172 147.871 612.795 166.737 106.911 605.087 169.861 147.264 588.120
000347_depth.png 194.447 154.887 586.782 184.718 151.606 588.830 172.474 148.630 604.443 165.256 109.742 597.548 168.317 147.444 580.102
