000000_depth.png 122 139 145 120 163 113 183 117 224 161 
000001_depth.png 111 114 141 95 160 90 182 96 223 156 
000002_depth.png 120 114 146 96 166 89 187 94 227 153 
000003_depth.png 126 121 151 100 168 94 187 101 233 149 
000004_depth.png 125 123 147 103 165 97 181 100 229 147 
000005_depth.png 132 127 154 107 171 100 188 102 236 146 
000006_depth.png 135 125 158 104 174 98 189 101 238 145 
000007_depth.png 131 119 156 99 171 91 189 95 238 140 
000008_depth.png 128 118 152 97 167 90 186 93 233 139 
000009_depth.png 128 119 151 99 167 90 185 94 231 139 
000010_depth.png 127 119 150 97 166 90 185 91 233 138 
000011_depth.png 127 118 150 98 166 89 183 92 230 137 
000012_depth.png 124 117 147 96 165 87 181 91 229 135 
000013_depth.png 125 112 148 91 163 83 182 86 228 131 
000014_depth.png 122 110 145 88 160 79 179 82 227 127 
000015_depth.png 119 108 142 86 158 76 176 79 224 123 
000016_depth.png 114 106 136 82 150 73 169 77 217 118 
000017_depth.png 113 105 135 83 150 73 168 75 217 119 
000018_depth.png 113 108 134 84 148 73 166 76 216 116 
000019_depth.png 111 106 132 83 145 71 162 73 211 114 
000020_depth.png 111 106 132 84 147 72 164 75 209 113 
000021_depth.png 112 107 133 83 148 73 163 75 205 109 
000022_depth.png 113 108 134 85 148 73 164 73 202 109 
000023_depth.png 113 108 135 87 148 77 162 76 200 109 
000024_depth.png 116 110 135 87 148 74 161 76 195 107 
000025_depth.png 115 112 136 87 148 75 159.848 78.827 192 104 
000026_depth.png 115 113 135 86 146 75 158 74 188 105 
000027_depth.png 128.058 130.094 133 88 145 75 153.950 77.045 178 104 
000028_depth.png 118 115 135 89 147 77 151.766 85.497 159.387 108.576 
000029_depth.png 120 115 135 91 147 75 151.103 84.456 159.897 110.017 
000030_depth.png 120 117 135 91 146 79 147.097 88.248 153.111 108.461 
000031_depth.png 120 116 136.697 93.046 147 78 145.076 89.050 151.501 109.862 
000032_depth.png 122 118 139.234 90.759 146 78 139.963 105.298 140.085 113.410 
000033_depth.png 121 120 135 94 145 78 144.613 90.689 148.667 111.895 
000034_depth.png 120 119 137 94 144 80 143.948 92.813 147.253 113.036 
000035_depth.png 122 119 137 95 146 81 136.134 105.639 133.240 114.263 
000036_depth.png 122 121 135 96 143 82 135.479 107.983 132.331 113.682 
000037_depth.png 122 121 136.335 100.113 143 84 136.176 110.515 131.973 116.716 
000038_depth.png 122 123 136 97 144 84 135.332 111.820 131.957 117.350 
000039_depth.png 123 123 135 97 143 86 135.906 112.569 131.640 118.058 
000040_depth.png 121 122 135 97 142 83 134.141 112.364 130.374 117.620 
000041_depth.png 127.031 120.089 134 99 140 84 134.310 112.479 130.861 117.745 
000042_depth.png 120 124 134 99 143 85 132.456 113.845 129.100 117.596 
000043_depth.png 125.330 121.162 133 99 139 82 132.979 112.632 129.756 117.011 
000044_depth.png 120.766 124.001 134.454 100.427 140 84 133.205 111.845 126.744 118.055 
000045_depth.png 123.469 118.364 133.852 100.597 139 84 132.016 111.965 127.471 117.517 
000046_depth.png 123.233 119.014 134.252 100.220 140 83 131.521 112.187 126.655 117.715 
000047_depth.png 123.094 119.123 134.687 100.456 139 86 131.787 112.181 126.313 117.939 
000048_depth.png 120.534 119.680 134.163 98.813 138 84 129.112 110.763 124.619 118.426 
000049_depth.png 126.361 110.032 133.568 98.036 139 84 123 99 121.535 117.346 
000050_depth.png 124.371 117.534 134.156 98.704 139 85 123 99 120.698 118.361 
000051_depth.png 119 117 133.285 106.444 140 87 124 101 120.064 119.017 
000052_depth.png 118 117 133.146 106.501 141 86 123 96 118.348 119.225 
000053_depth.png 134.137 128.586 136.732 102.134 140 84 120 97 114 122 
000054_depth.png 135.134 127.485 138.494 102.154 142 84 121 97 114 122 
000055_depth.png 135.722 126.949 139.139 101.508 143 85 122 96 113 124 
000056_depth.png 137.728 128.545 143.682 103.562 143 84 122 96 115 121 
000057_depth.png 138.611 128.608 142.690 100.829 146 86 124 94 115 125 
000058_depth.png 139.371 128.618 144.571 101.040 147 84 126 94 113 125 
000059_depth.png 148.890 132.592 147.400 101.180 148 87 127 94 117 124 
000060_depth.png 149.812 132.667 148.977 100.343 150 86 128 94 116 126 
000061_depth.png 150.282 132.457 150.075 100.206 151 85 129 92 115 127 
000062_depth.png 151.277 132.683 152.365 100.551 152 86 131 90 117 124 
000063_depth.png 151.687 133.103 152.908 99.787 153 88 133 91 113 125 
000064_depth.png 151.840 133.408 152.228 100.045 153 88 132 93 113 126 
000065_depth.png 151.812 133.453 153.149 100.801 153 88 132 93 113 125 
000066_depth.png 151.812 133.669 153.244 101.189 152 87 133 96 116 125 
000067_depth.png 151.492 134.002 152.768 101.539 153 88 131 96 117 124 
000068_depth.png 151.717 133.595 153.187 101.777 153 87 129 96 115 125 
000069_depth.png 151.482 133.412 153.701 104.108 152 89 128 100 115 124 
000070_depth.png 149.449 132.457 150.641 107.092 151 88 126 105 113 125 
000071_depth.png 147.457 131.699 148.638 107.856 151 88 124 107 114 126 
000072_depth.png 147.500 134.930 149.010 110.353 149 88 121 111 113 126 
000073_depth.png 147.188 137.530 149.482 111.711 147 88 120 113 111 127 
000074_depth.png 148.480 138.325 147.422 111.678 146 87 119 113 110 131 
000075_depth.png 150.875 138.495 147.566 111.528 147 87 119 117 110 131 
000076_depth.png 147.022 128.295 146.914 104.627 145 88 119 120 110 130 
000077_depth.png 146.391 128.377 145.536 105.326 144 88 119 121 110 132 
000078_depth.png 147.058 129.526 146.031 103.741 144 90 119 120 112 132 
000079_depth.png 146.577 129.822 145.425 105.527 143 89 119 119 112 131 
000080_depth.png 145.506 130.007 144.845 104.914 142 89 118 123 111 132 
000081_depth.png 154.497 113.830 151.256 103.390 141 91 116 125 113.764 134.979 
000082_depth.png 146.268 132.315 144.864 108.160 140 90 118 126 111 135 
000083_depth.png 153.835 115.706 150.441 105.077 140 91 111 140 116 130 
000084_depth.png 154.382 116.388 150.086 105.056 138 89 114 131 110.758 138.797 
000085_depth.png 153.804 117.474 150.338 105.951 137 90 112 135 108 145 
000086_depth.png 150.001 116.932 148.498 106.224 134 93 107 146 110 135 
000087_depth.png 150.795 116.854 146.691 106.092 135 92 107 134 108 149 
000088_depth.png 150.300 118.397 148.414 107.517 133 93 109 138 109 148 
000089_depth.png 148.890 117.277 146.949 104.979 133 93 108 141 105.071 142.966 
000090_depth.png 148.977 118.234 149 103 132 94 108 144 106 153 
000091_depth.png 148.158 118.102 148 103 132 93 105 142 106 151 
000092_depth.png 148.609 117.908 147 103 130 92 106 142 102.742 143.986 
000093_depth.png 147.439 118.273 147 102 131 91 106 142 101.458 144.096 
000094_depth.png 155.926 125.536 148 101 131 93 105 137 107 149 
000095_depth.png 151.118 117.347 147 101 131 92 106 141 105 149 
000096_depth.png 150.704 116.970 149 100 131 91 107 141 106 150 
000097_depth.png 152.060 115.783 150 98 132 92 107 134 102.128 143.706 
000098_depth.png 161.269 124.195 154 97 137 87 107 127 102 142 
000099_depth.png 165.408 122.133 153 97 136 87 107 127 100 141 
000100_depth.png 165.858 125.213 155 97 135 88 108 126 100 145 
000101_depth.png 168.072 126.087 154 97 136 89 107 127 101 146 
000102_depth.png 173 118 159.032 104.604 138 88 109 120 102 147 
000103_depth.png 176 120 160.649 103.689 141 86 112 118 101 149 
000104_depth.png 178 118 161 95 145 84 117 115 102 149 
000105_depth.png 182 116 162 93 147 84 120 111 103 153 
000106_depth.png 181.034 126.822 167.929 102.063 152 83 123 109 105 153 
000107_depth.png 187 115 169.358 98.351 154 80 126 106 105 153 
000108_depth.png 189 113 170 90 157 79 125 103 106 152 
000109_depth.png 190 112 172 88 160 78 129 105 107 152 
000110_depth.png 192 111 173 88 161 78 129 102 107 151 
000111_depth.png 195 110 176 87 162 76 131 101 108 151 
000112_depth.png 196 110 176 89 164 76 133 100 111 152 
000113_depth.png 198 112 177 87 164 78 132 102 111 151 
000114_depth.png 198 110 179 86 165 76 133 102 112 148 
000115_depth.png 193.795 121.114 179.908 95.835 164 77 132 106 112 149 
000116_depth.png 198 110 180 86 165 77 132 109 114 147 
000117_depth.png 200 110 179 85 164 76 131 114 115 145 
000118_depth.png 199 111 179 86 163 75 130 117 116 144 
000119_depth.png 200 108 177 84 160 76 128 119 117 144 
000120_depth.png 198 109 177 86 159 77 128 122 119 144 
000121_depth.png 199 110 177 88 157 80 128 126 121 144 
000122_depth.png 199 110 175 88 155 81 128 127 123 144 
000123_depth.png 198 109 174 87 154 81 126 129 123 142 
000124_depth.png 197 109 174 89 153 82 125 143 123.840 144.561 
000125_depth.png 197 110 174 89 153 83 128 131 125 142 
000126_depth.png 198 109 172 89 152 83 127 143 125.670 143.723 
000127_depth.png 197 110 172 88 151 81 127 146 128 135 
000128_depth.png 197 111 172 88 151 84 128 146 126 136 
000129_depth.png 197 110 172 90 152 85 127 138 126.009 143.607 
000130_depth.png 196 110 171 89 150 84 128 148 125.843 144.267 
000131_depth.png 195 112 171 91 150 85 126 137 126 150 
000132_depth.png 195 111 170 89 150 85 125 148 127 136 
000133_depth.png 195 110 170 92 150 86 125 149 126 137 
000134_depth.png 196 111 170 90 149 86 127 148 125 138 
000135_depth.png 196 110 169 88 149 85 126 148 126 137 
000136_depth.png 195 109 169 89 148 85 126 136 125.300 143.884 
000137_depth.png 196 110 169 89 149 84 125 136 127 149 
000138_depth.png 197 110 171 89 149 83 125 131 125 143 
000139_depth.png 198 110 172 89 150 85 123 129 122 145 
000140_depth.png 197 111 171 90 150 83 123 124 119 145 
000141_depth.png 197 110 172 90 153 84 124 122 119 146 
000142_depth.png 199 111 173 91 153 84 125 120 117 147 
000143_depth.png 200 113 174 89 156 84 127 116 117 149 
000144_depth.png 201 112 177 89 159 83 130 114 117 149 
000145_depth.png 204 110 176 88 160 81 133 115 117 147 
000146_depth.png 206 110 179 88 162 80 134 114 119 147 
000147_depth.png 207 110 181 87 162 81 136 113 120 146 
000148_depth.png 209 109 182 86 163 79 136 113 121 147 
000149_depth.png 208 110 182 86 162 79 136 113 123 145 
000150_depth.png 211 105 181 85 161 77 137 113 123 146 
000151_depth.png 210 105 181 84 161 78 136 112 124 147 
000152_depth.png 212 102 182 81 161 76 139 112 126 145 
000153_depth.png 212 103 181 81 161 76 137 112 126 144 
000154_depth.png 212 101 180 81 161 77 137 112 125 144 
000155_depth.png 215 100 182 79 162 74 138 113 129 144 
000156_depth.png 216 99 183 79 162 73 139 111 129 144 
000157_depth.png 216 101 185 79 163 73 141 112 130 142 
000158_depth.png 215 100 184 78 162 74 140 115 132 142 
000159_depth.png 216 101 184 80 164 75 141 115 134 142 
000160_depth.png 218 99 185 77 163 74 141 116 135 142 
000161_depth.png 215 98 184 78 163 73 140 114 135 140 
000162_depth.png 214 100 184 77 162 72 141 114 134 137 
000163_depth.png 214 99 182 76 161 72 139 116 134 138 
000164_depth.png 216 97 183 76 161 71 140 117 135 135 
000165_depth.png 217 96 184 76 162 71 141 118 136 135 
000166_depth.png 216 96 183 76 162 73 141 119 136 136 
000167_depth.png 215 97 184 77 161 74 140 120 138 137 
000168_depth.png 217 96 182 78 159 74 145 125 142 138 
000169_depth.png 215 97 183 78 160 75 143 128 141 138 
000170_depth.png 216 96 182 77 159 73 144 124 138 140 
000171_depth.png 216 95 181 77 160 74 144 124 138 140 
000172_depth.png 213 96 181 77 159 76 137 140 142 129 
000173_depth.png 215 98 183 77 159 74 136 140 142 126 
000174_depth.png 214 98 182 78 158 75 140 129 138 143 
000175_depth.png 214 97 180 78 156 76 139 140 142 128 
000176_depth.png 213 98 182 80 158 76 138 140 142 130 
000177_depth.png 214 100 182 79 158 77 139 140 143 128 
000178_depth.png 214 99 180 79 158 77 138 140 140 129 
000179_depth.png 212 100 179 80 156 77 137 126 136 142 
000180_depth.png 212 99 180 79 156 76 134 140 136.692 138.623 
000181_depth.png 212 101 179 79 157 77 131 135 135.168 141.190 
000182_depth.png 211 98 180 79 158 74 137 118 127 137 
000183_depth.png 209 101 178 79 157 74 137 116 125 138 
000184_depth.png 207 101 179 79 158 73 135 113 122 136 
000185_depth.png 206 103 180 78 160 73 137 112 121 135 
000186_depth.png 204 103 181 78 162 71 136 110 120 134 
000187_depth.png 198.803 108.750 182 78 164 70 137 107 116 132 
000188_depth.png 196.995 111.130 185 80 166 69 138 103 116 130 
000189_depth.png 194.735 110.559 183 79 167 69 139 101 114 129 
000190_depth.png 194.734 110.457 185 78 170 68 140 103 117 128 
000191_depth.png 194.681 110.452 183 79 169 68 138 102 120 128 
000192_depth.png 194.565 110.085 183 81 169 70 138 103 118 127 
000193_depth.png 195.408 112.362 183.361 83.881 168 71 137 103 119 125 
000194_depth.png 195.351 112.434 183.316 84.141 169 68 138 106 120 127 
000195_depth.png 195.421 113.150 182 80 166 68 136 108 125 125 
000196_depth.png 195.905 109.725 181 80 166 68 135 112 126 125 
000197_depth.png 195.286 113.138 183 79 165 68 136 114 131 128 
000198_depth.png 196.708 113.190 183 78 166 70 135 115 131 129 
000199_depth.png 195.221 114.311 182 79 166 69 135 116 132 126 
000200_depth.png 196.195 114.368 183 80 165 71 137 119 133 129 
000201_depth.png 193.476 113.608 182 80 164 71 136 119 132 130 
000202_depth.png 193.070 112.807 179 80 163 71 136 119 131 130 
000203_depth.png 193.668 114.319 180 78 163 70 136 120 134 129 
000204_depth.png 193.430 114.365 180 78 163 71 134 119 129 130 
000205_depth.png 193.023 114.340 180 80 163 70 134 120 132 129 
000206_depth.png 192.245 115.401 178 81 162 70 133 118 129 128 
000207_depth.png 191.480 114.499 179 80 164 71 132 111 124 124 
000208_depth.png 194.998 112.885 179.141 86.360 164 70 133 108 122 122 
000209_depth.png 194.937 112.931 180.728 85.850 167 71 136 105 121 124 
000210_depth.png 193.901 113.141 180.957 85.129 166 70 136 101 118 125 
000211_depth.png 192.226 116.445 180.277 87.361 167 72 139 100 116 129 
000212_depth.png 190.758 116.295 180.373 88.685 169 73 139 99 116 126 
000213_depth.png 189.049 116.660 174.655 89.467 170 72 139 97 116 124 
000214_depth.png 187.195 117.392 179.931 87.569 171 73 141 96 117 122 
000215_depth.png 186.656 117.792 178.104 85.918 172 73 142 96 119 120 
000216_depth.png 166.328 113.561 171.179 97.384 173 74 143 96 122 119 
000217_depth.png 166.906 113.476 171.779 97.640 173 74 142 95 122 118 
000218_depth.png 167.360 113.044 172.324 97.624 175 74 143 95 125 120 
000219_depth.png 169.997 112.125 173.344 96.398 176 75 144 92 126 115 
000220_depth.png 170.574 111.757 173.382 96.530 176 75 146 93 127 115 
000221_depth.png 170.868 110.837 173.066 95.534 177 75 145 92 128 114 
000222_depth.png 171.733 112.127 173.455 95.997 176 74 146 94 131 113 
000223_depth.png 170.843 112.324 173.978 96.170 175 75 145 95 131 113 
000224_depth.png 171.618 112.196 173.508 95.977 177 74 146 96 131 114 
000225_depth.png 172.047 113.429 173.116 97.455 176 74 142 101 134 112 
000226_depth.png 179.071 103.997 177.411 94.653 174 72 143 104 136 114 
000227_depth.png 179.767 105.203 178.187 95.950 176 74 141 105 136 114 
000228_depth.png 179.781 105.322 178.171 96.159 175 72 137 113 137.938 114.556 
000229_depth.png 180.266 105.762 177.016 97.295 174 72 136 112 137.549 114.678 
000230_depth.png 179.843 105.101 177.465 96.243 173 71 136 112 137.909 113.109 
000231_depth.png 178.186 104.604 175.133 95.935 172 72 136 114 136.091 113.433 
000232_depth.png 176.797 103.033 173.640 95.058 172 71 133 113 135.595 113.830 
000233_depth.png 175.031 107.025 172.311 98.668 168 75 133 114 134.119 116.670 
000234_depth.png 173.783 106.072 170.572 98.145 167 74 132 115 133.036 115.142 
000235_depth.png 173.184 105.904 169.601 97.922 166 75 138 108 131 119 
000236_depth.png 173.200 105.917 169.574 97.931 165 73 131 117 137 108 
000237_depth.png 172.921 104.586 169.593 96.544 166 72 140 106 132 119 
000238_depth.png 172.503 105.216 170.458 96.316 165 73 141 105 136 118 
000239_depth.png 174.791 103.945 171.908 94.881 170 74 146 105 143.105 114.946 
000240_depth.png 176.125 103.154 172.875 94.249 169 73 148 116 149 105 
000241_depth.png 177.219 103.270 174.472 94.662 171 73 151.392 106.823 150.843 113.330 
000242_depth.png 143 116 162.524 92.204 173 74 157.013 106.488 158.318 114.733 
000243_depth.png 143 117 162.711 92.598 172 74 159.606 104.618 161.092 114.687 
000244_depth.png 143 116 163.008 93.134 172 74 162.133 104.846 163.990 114.503 
000245_depth.png 142 117 164.782 92.970 172 74 163.266 104.322 164.906 114.087 
000246_depth.png 140 119 161 90 173 72 162.504 104.555 164.084 115.007 
000247_depth.png 139 119 158 91 173 75 161.371 108.585 162.526 117.582 
000248_depth.png 138 118 159 90 170 73 161.381 108.604 162.551 117.560 
000249_depth.png 139 121 159 91 170 74 161.376 108.636 162.546 117.629 
000250_depth.png 139 119 159 92 168 74 160.550 108.449 162.245 117.951 
000251_depth.png 140 123 157 90 169 74 160.478 109.323 162.210 119.088 
000252_depth.png 138 119 155 90 166 73 157.864 109.217 159.662 118.426 
000253_depth.png 138 119 158 94 167 73 157.744 110.022 160.499 120.369 
000254_depth.png 139 121 158 92 168 75 156.403 112.840 158.218 118.053 
000255_depth.png 139 120 158 94 166 73 156.297 110.761 157.231 120.139 
000256_depth.png 139 120 155.819 92.869 167 73 154.450 110.396 156.761 120.686 
000257_depth.png 137 119 155.797 92.754 164 74 154.298 110.491 155.602 120.196 
000258_depth.png 138 119 155.023 91.604 165 75 153.362 108.941 155.541 120.027 
000259_depth.png 138 119 154.911 91.854 165 74 153.461 109.020 155.772 120.239 
000260_depth.png 138 120 154.869 92.369 163 73 152.918 110.293 155.502 120.654 
000261_depth.png 137 119 153.073 92.267 162 73 151.370 109.875 152.949 120.717 
000262_depth.png 135 118 154.373 90.175 162 71 150.380 111.628 149.427 117.286 
000263_depth.png 139.109 130.543 153.917 89.598 161 70 150.680 108.862 148.575 118.435 
000264_depth.png 139.751 130.538 153.171 89.672 161 70 149.817 109.039 139 119 
000265_depth.png 138.381 130.540 152.925 88.876 161 70 149.516 107.604 147.684 118.318 
000266_depth.png 138.617 128.061 151.268 89.802 161 70 147.992 107.492 147.883 119.558 
000267_depth.png 138.903 128.014 151.716 90.266 159 70 148.139 108.772 147.878 121.071 
000268_depth.png 138.788 129.729 151.432 93.156 160 71 147.998 110.425 147.681 125.440 
000269_depth.png 138.121 131.491 150.688 94.310 160.862 79.913 147.772 110.742 147.338 127.198 
000270_depth.png 138.160 132.294 150.024 95.095 159.359 81.060 147.913 110.741 146.484 128.704 
000271_depth.png 134 126 146.700 96.868 156.105 81.819 144.454 110.779 143.434 132.115 
000272_depth.png 136.636 118.404 146.185 90.236 150 68 141.509 115.276 144.867 137.175 
000273_depth.png 136.550 118.354 145.766 90.239 148 67 141.459 115.203 144.553 138.500 
000274_depth.png 134.998 118.262 144.866 89.299 150 66 139.873 114.527 143.390 138.498 
000275_depth.png 131.815 121.154 144.450 88.316 149 66 136.751 116.085 141.514 136.195 
000276_depth.png 134.022 116.488 143.902 88.408 148 65 138.716 113.554 142.011 136.759 
000277_depth.png 133.883 116.446 143.979 88.756 147 65 138.567 113.556 141.437 137.098 
000278_depth.png 141.078 108.458 144.492 90.234 148 66 137.861 118.500 135.694 130.387 
000279_depth.png 141.203 109.115 144.611 90.144 148 66 137.708 119.014 135.380 128.838 
000280_depth.png 141.234 109.452 144.746 90.316 147 68 137.875 119.483 136.275 128.968 
000281_depth.png 142.527 108.429 145.898 88.430 149 69 139.234 120.302 137.234 127.917 
000282_depth.png 143.062 109.480 146.435 90.449 149 70 139.570 119.767 137.874 128.515 
000283_depth.png 142.903 110.699 147.351 92.010 150 74 139.502 120.492 138.195 128.708 
000284_depth.png 142.947 110.437 149.538 92.336 151.489 86.600 139.538 120.527 138.188 130.335 
000285_depth.png 142.908 112.398 149.310 93.447 150 76 139.578 122.284 138.703 129.820 
000286_depth.png 144.223 112.478 149.244 95.052 150 79 140.867 123.462 139.338 130.856 
000287_depth.png 143.192 113.107 149.752 95.677 150 79 140.814 123.720 139.755 131.351 
000288_depth.png 142.469 115.993 149.341 95.425 151.311 89.279 139.408 123.693 138.522 133.554 
000289_depth.png 143.559 113.176 148.576 95.536 148 77 139.845 123.776 138.296 131.683 
000290_depth.png 146.437 112.164 149.922 94.439 150 80 141.508 122.963 139.863 131.942 
000291_depth.png 143.957 112.901 150.397 94.955 150 79 140.558 123.237 140.310 133.066 
000292_depth.png 143.893 112.375 150.312 94.486 150 77 140.552 123.238 140.694 133.192 
000293_depth.png 143.982 112.937 150.258 94.262 151 80 140.514 123.312 140.375 133.062 
000294_depth.png 141.911 114.922 151.371 91.948 151 79 140.542 121.924 139.215 131.582 
000295_depth.png 159.036 124.224 156.867 100.442 155 78 139 108 138 131 
000296_depth.png 159.467 124.094 158.389 99.232 158 77 139 105 133 131 
000297_depth.png 153.113 124.106 158.370 99.413 159 76 136 107 129 132 
000298_depth.png 155.063 126.501 160.144 100.903 161 76 135 108 128 134 
000299_depth.png 159.057 128.828 161.687 101.253 162 76 134 107 126 133 
000300_depth.png 170.686 114.377 171.710 100.893 164 75 132 108 124 134 
000301_depth.png 170.464 113.720 171.226 100.703 164 73 131 108 121 134 
000302_depth.png 174.030 109.500 171.940 85.522 163 73 130 109 123 135 
000303_depth.png 176.303 109.839 173.462 86.981 164 71 129 110 121 135 
000304_depth.png 175.938 109.647 174.615 84.774 164 69 128 111 121 134 
000305_depth.png 176.509 111.386 174.602 85.942 161 70 128 112 119 137 
000306_depth.png 176.228 110.139 174.375 84.367 162 67 127 115 120 135 
000307_depth.png 177.656 111.619 175.709 85.680 163 67 126 114 120 135 
000308_depth.png 179.324 111.085 176.544 85.053 163 69 132 116 120 135 
000309_depth.png 179.294 111.437 176.753 85.103 163 68 129 116 121 134 
000310_depth.png 174.846 112.384 175.469 85.877 162 70 131 125 125 137 
000311_depth.png 174.743 111.150 174.923 84.231 160 70 130 126 128 138 
000312_depth.png 181.449 107.429 176 81 158 70 130 126 130 141 
000313_depth.png 186.256 111.741 177.500 116.589 158 71 129 128 129 138 
000314_depth.png 187.354 106.224 176 82 158 72 131 127 130 140 
000315_depth.png 185.818 106.174 176 81 158 72 130 129 129 140 
000316_depth.png 183.271 99.322 175 82 158 72 130 127 130 138 
000317_depth.png 186.044 102.697 177 82 158 72 132 129 133 139 
000318_depth.png 186.226 98.581 177 80 161 70 135 125 134 137 
000319_depth.png 188.642 99.489 181 79 163 71 135 126 135 136 
000320_depth.png 189.867 102.018 185 78 166 70 137 126 140 136 
000321_depth.png 200.542 110.575 191.856 115.081 172 71 145 123 148 134 
000322_depth.png 193.275 103.124 194 82 176 72 150 129 151 138 
000323_depth.png 199.503 94.373 195 81 178 72 153 127 154 137 
000324_depth.png 207.400 114.892 198 84 180 75 153 131 154 138 
000325_depth.png 203.447 108.288 199 86 183 78 158 132 158 143 
000326_depth.png 204.116 110.198 200 86 182 78 158 134 158 143 
000327_depth.png 203.240 110.735 200 88 182 79 155 135 155.052 143.078 
000328_depth.png 201.418 112.433 197 88 179 80 154 136 157 146 
000329_depth.png 205.787 120.933 197 88 178 81 154 137 150.898 142.440 
000330_depth.png 206.913 121.510 196 87 177 81 152 137 152 145 
000331_depth.png 206.219 112.684 196 85 174 79 151 134 152 145 
000332_depth.png 209.980 112.061 195 84 174 79 149 145 150 134 
000333_depth.png 204.756 112.929 194 82 172 78 150 134 151 144 
000334_depth.png 210.316 112.961 194 82 172 78 147 132 146 144 
000335_depth.png 210.215 111.615 193 80 170 77 147 133 143.485 138.879 
000336_depth.png 212 103 192 78 168 75 144 141 145 131 
000337_depth.png 208.900 111.623 191 78 166 75 143 129 142 142 
000338_depth.png 209.878 110.602 189 77 166 75 142 131 142 143 
000339_depth.png 210.773 108.922 187 76 162 73 139 131 140 142 
000340_depth.png 209.831 107.596 185 74 158 72 138 129 138 142 
000341_depth.png 211 94 182 72 156 71 136 140 139.905 136.982 
000342_depth.png 211 93 180 71 154 70 136 142 138 127 
000343_depth.png 210.042 103.647 180 72 154 70 135 143 138 127 
000344_depth.png 210.220 104.013 181 73 154 70 137 141 139.438 135.997 
000345_depth.png 210.438 104.937 179 72 153 72 139 126 139 144 
000346_depth.png 210.226 105.289 179 72 154 71 138 141 139.620 136.004 
000347_depth.png 210.157 105.341 180 73 152 71 137 142 140 127 
000348_depth.png 208.313 103.505 176 70 149 71 151.875 128.250 136 140 
000349_depth.png 212 86 174 68 148 72 135 140 137.807 135.873 
000350_depth.png 209.000 103.281 173 70 147 73 151.967 129.655 138 141 
000351_depth.png 209 88 170 69 145 74 134 141 136.869 136.594 
000352_depth.png 208 89 170 70 144 75 134 143 135.551 137.301 
000353_depth.png 205.903 98.063 170 69 144 75 137 125 135 140 
000354_depth.png 207 92 173 71 146 73 132 141 135 127 
000355_depth.png 207 92 172 70 145 72 130 141 133 128 
000356_depth.png 205 93 173 71 144 72 131 129 130 140 
000357_depth.png 205 95 173 70 147 71 130 128 128 142 
000358_depth.png 203 94 174 69 148 70 128 138 129 128 
000359_depth.png 203 94 175 68 150 66 129 139 130 127 
000360_depth.png 199.920 115.041 174 70 150 67 128 138 130 127 
000361_depth.png 198.499 113.027 173 70 149 67 129 126 127 138 
000362_depth.png 188.696 94.754 175 67 152 64 128 120 129 134 
000363_depth.png 188.398 95.066 175 67 153 63 127 120 127 134 
000364_depth.png 188.607 94.807 177 68 154 61 130 119 128 129 
000365_depth.png 188.671 95.085 178 69 154 61 130 119 128 130 
000366_depth.png 187.514 91.984 179.210 72.459 159 61 133 119 134 129 
000367_depth.png 188.083 93.131 178.444 73.041 161 59 137 115 133 127 
000368_depth.png 187.687 92.606 178.317 72.112 162 58 135 112 132 125 
000369_depth.png 187.677 93.047 178.688 71.871 164 58 139 109 135 123 
000370_depth.png 187.571 93.091 177.749 72.178 163 54 139 109 136 120 
000371_depth.png 187.591 93.865 177.750 72.904 164 56 140 109 136.344 116.141 
000372_depth.png 179.698 89.005 175.229 74.301 164 56 141 108 137.928 116.001 
000373_depth.png 162.214 108.527 162.365 97.484 164 56 140 120 142 109 
000374_depth.png 165.132 108.082 163.502 96.790 164 56 146 113 141 121 
000375_depth.png 157.985 99.702 168.396 76.035 164 56 147.617 111.978 145.764 118.621 
000376_depth.png 159.669 99.103 164.532 74.662 164 58 149.224 112.045 147.353 116.865 
000377_depth.png 150.970 119.306 161.889 81.091 165 57 159.968 107.948 165.844 119.702 
000378_depth.png 156.434 127.036 162.456 80.382 165 54 159.848 105.085 166.732 116.657 
000379_depth.png 152.669 123.969 161.880 79.525 165 54 161.069 105.111 168.358 116.641 
000380_depth.png 143 109 160.519 81.088 164 54 162.090 104.767 162.144 110.169 
000381_depth.png 142 106 160.108 78.153 164 53 161.973 104.068 167.985 114.944 
000382_depth.png 139 108 160.069 76.981 164 54 163.590 104.419 168.105 113.212 
000383_depth.png 138 108 159 74 168 54 166.515 103.856 170.059 107.643 
000384_depth.png 136 107 155.646 74.072 166 52 173.492 101.023 175.196 107.879 
000385_depth.png 134 106 156 75 167 53 174.675 101.330 180.587 105.638 
000386_depth.png 134 107 158 75 167 54 175.461 102.552 180.828 105.786 
000387_depth.png 133 106 157 74 168 54 174.711 100.830 181.374 106.748 
000388_depth.png 133 106 156 74 168 54 175.617 101.497 180.521 105.630 
000389_depth.png 131 107 158 73 169 55 176.387 100.000 182.055 105.489 
000390_depth.png 130 107 155 74 170 55 175.622 100.173 180.482 103.437 
000391_depth.png 130 106 155.604 73.687 169 54 175.550 101.930 180.827 104.953 
000392_depth.png 133 106 154.305 74.815 166 55 174.468 101.024 179.597 104.472 
000393_depth.png 131 104 153.880 74.540 167 53 173.938 101.355 178.268 104.812 
000394_depth.png 131 106 153.703 74.589 166 53 173.194 101.493 177.880 105.118 
000395_depth.png 135 110 152.386 83.086 161 56 170.564 103.293 172.690 110.270 
000396_depth.png 134 110 151.803 80.778 160 54 170.110 103.303 172.786 111.742 
000397_depth.png 137 111 151.926 78.232 162 56 170.101 102.672 171.779 110.382 
000398_depth.png 141 109 157.572 79.065 160 54 156.104 104.406 158.366 108.705 
000399_depth.png 142.320 108.914 156.144 75.544 159 55 152.344 106.751 153.486 109.795 
000400_depth.png 149.625 103.162 155.975 75.276 157 55 151.514 104.872 151.858 109.602 
000401_depth.png 150.975 95.522 156.703 85.285 157 55 150.337 101.979 148.094 111.334 
000402_depth.png 150.810 99.902 157.924 78.913 154 56 141.028 106.419 140.372 119.256 
000403_depth.png 158.057 102.413 159.776 84.547 152 58 132.460 113.161 128.900 118.140 
000404_depth.png 157.652 103.048 159.344 85.571 150 57 130.789 114.480 126.636 119.638 
000405_depth.png 155.521 104.168 157.986 85.379 149 60 127 123 125.157 119.562 
000406_depth.png 172.412 94.676 164.438 76.210 149 59 124 122 125.412 121.695 
000407_depth.png 173.986 94.493 166.125 74.535 150 60 128 112 123.938 122.214 
000408_depth.png 176.311 94.530 168.423 74.376 152 59 128 115 125 124 
000409_depth.png 176.318 96.261 167.952 75.690 151 60 127 117 124 127 
000410_depth.png 176.310 97.352 167.612 76.649 151 64 122 121 122 136 
000411_depth.png 176.309 96.886 167.854 76.884 148 61 122 120 119 131 
000412_depth.png 176.862 96.756 170 69 148 62 123 118 117 133 
000413_depth.png 193.007 95.573 166 69 143 63 119 118 118 130 
000414_depth.png 192.758 96.128 166 68 140 65 120 121 117 130 
000415_depth.png 196 91 163 69 138 65 119 122 116 132 
000416_depth.png 196 89 160 67 134 65 117 124 116.344 128.764 
000417_depth.png 196 89 159 68 133 67 117 133 114 121 
000418_depth.png 194 90 159 68 133 68 116 133 115 123 
000419_depth.png 198 90 161 67 135 69 118 121 115 132 
000420_depth.png 197 90 162 68 137 66 117 114 116 129 
000421_depth.png 197 90 162 67 137 65 114 112 114 129 
000422_depth.png 197 91 165 69 137 65 114 108 111 131 
000423_depth.png 194 93 163 69 141 64 112 100 101 138 
000424_depth.png 196 97 163 70 141 63 111 98 95 140 
000425_depth.png 195 97 165 73 140 66 111 96 91 141 
000426_depth.png 194 98 164 74 144 64 114 88 90 145 
000427_depth.png 195 100 166 75 145 66 119 85 86 148 
000428_depth.png 195 102 169 74 147 66 120 81 85 151 
000429_depth.png 196 100 171 74 149 66 122 80 86 152 
000430_depth.png 197 99 172 75 150 65 121 78 82 154 
000431_depth.png 196 100 169 76 150 67 121 82 84 155 
000432_depth.png 196 101 170 76 150 67 120 83 84 156 
000433_depth.png 196 102 169 76 149 67 119 83 83 155 
000434_depth.png 196 101 169 75 148 66 117 84 83 156 
000435_depth.png 197 101 171 76 148 66 118 84 85 155 
000436_depth.png 197 102 169 76 149 66 119 84 82 156 
000437_depth.png 196 101 169 76 147 65 117 84 82 155 
000438_depth.png 195 100 168 75 150 66 118 84 83 157 
000439_depth.png 197 100 168 75 150 67 118 83 85 156 
000440_depth.png 196 101 168 76 150 68 118 87 83 155 
