000000_depth.png 122 139 145 120 163 113 183 117 224 161 
000001_depth.png 111 114 141 95 160 90 182 96 223 156 
000002_depth.png 120 114 146 96 166 89 187 94 227 153 
000003_depth.png 126 121 151 100 168 94 187 101 233 149 
000004_depth.png 125 123 147 103 165 97 181 100 229 147 
000005_depth.png 132 127 154 107 171 100 188 102 236 146 
000006_depth.png 135 125 158 104 174 98 189 101 238 145 
000007_depth.png 131 119 156 99 171 91 189 95 238 140 
000008_depth.png 128 118 152 97 167 90 186 93 233 139 
000009_depth.png 128 119 151 99 167 90 185 94 231 139 
000010_depth.png 127 119 150 97 166 90 185 91 233 138 
000011_depth.png 127 118 150 98 166 89 183 92 230 137 
000012_depth.png 124 117 147 96 165 87 181 91 229 135 
000013_depth.png 125 112 148 91 163 83 182 86 228 131 
000014_depth.png 122 110 145 88 160 79 179 82 227 127 
000015_depth.png 119 108 142 86 158 76 176 79 224 123 
000016_depth.png 114 106 136 82 150 73 169 77 217 118 
000017_depth.png 113 105 135 83 150 73 168 75 217 119 
000018_depth.png 113 108 134 84 148 73 166 76 216 116 
000019_depth.png 111 106 132 83 145 71 162 73 211 114 
000020_depth.png 111 106 132 84 147 72 164 75 209 113 
000021_depth.png 112 107 133 83 148 73 163 75 205 109 
000022_depth.png 113 108 134 85 148 73 164 73 202 109 
000023_depth.png 113 108 135 87 148 77 162 76 200 109 
000024_depth.png 116 110 135 87 148 74 161 76 195 107 
000025_depth.png 115 112 136 87 148 75 192 104 
000026_depth.png 115 113 135 86 146 75 158 74 188 105 
000027_depth.png 118 115 133 88 145 75 178 104 
000028_depth.png 118 115 135 89 147 77 
000029_depth.png 120 115 135 91 147 75 
000030_depth.png 120 117 135 91 146 79 
000031_depth.png 120 116 147 78 
000032_depth.png 122 118 146 78 
000033_depth.png 121 120 135 94 145 78 
000034_depth.png 120 119 137 94 144 80 
000035_depth.png 122 119 137 95 146 81 
000036_depth.png 122 121 135 96 143 82 
000037_depth.png 122 121 143 84 
000038_depth.png 122 123 136 97 144 84 
000039_depth.png 123 123 135 97 143 86 
000040_depth.png 121 122 135 97 142 83 
000041_depth.png 134 99 140 84 
000042_depth.png 120 124 134 99 143 85 
000043_depth.png 133 99 139 82 
000044_depth.png 140 84 
000045_depth.png 139 84 
000046_depth.png 140 83 
000047_depth.png 139 86 
000048_depth.png 138 84 
000049_depth.png 123 99 139 84 
000050_depth.png 123 99 139 85 
000051_depth.png 119 117 124 101 140 87 
000052_depth.png 118 117 123 96 141 86 
000053_depth.png 114 122 120 97 140 84 
000054_depth.png 114 122 121 97 142 84 
000055_depth.png 113 124 122 96 143 85 
000056_depth.png 115 121 122 96 143 84 
000057_depth.png 115 125 124 94 146 86 
000058_depth.png 113 125 126 94 147 84 
000059_depth.png 117 124 127 94 148 87 
000060_depth.png 116 126 128 94 150 86 
000061_depth.png 115 127 129 92 151 85 
000062_depth.png 117 124 131 90 152 86 
000063_depth.png 113 125 133 91 153 88 
000064_depth.png 113 126 132 93 153 88 
000065_depth.png 113 125 132 93 153 88 
000066_depth.png 116 125 133 96 152 87 
000067_depth.png 117 124 131 96 153 88 
000068_depth.png 115 125 129 96 153 87 
000069_depth.png 115 124 128 100 152 89 
000070_depth.png 113 125 126 105 151 88 
000071_depth.png 114 126 124 107 151 88 
000072_depth.png 113 126 121 111 149 88 
000073_depth.png 111 127 120 113 147 88 
000074_depth.png 110 131 119 113 146 87 
000075_depth.png 110 131 119 117 147 87 
000076_depth.png 110 130 119 120 145 88 
000077_depth.png 110 132 119 121 144 88 
000078_depth.png 112 132 119 120 144 90 
000079_depth.png 112 131 119 119 143 89 
000080_depth.png 111 132 118 123 142 89 
000081_depth.png 112 133 116 125 141 91 
000082_depth.png 111 135 118 126 140 90 
000083_depth.png 111 140 116 130 140 91 
000084_depth.png 110 140 114 131 138 89 
000085_depth.png 108 145 112 135 137 90 
000086_depth.png 107 146 110 135 134 93 
000087_depth.png 108 149 107 134 135 92 
000088_depth.png 109 148 109 138 133 93 
000089_depth.png 108 147 108 141 133 93 
000090_depth.png 106 153 108 144 132 94 149 103 
000091_depth.png 106 151 105 142 132 93 148 103 
000092_depth.png 106 148 106 142 130 92 147 103 
000093_depth.png 108 149 106 142 131 91 147 102 
000094_depth.png 107 149 105 137 131 93 148 101 
000095_depth.png 105 149 106 141 131 92 147 101 
000096_depth.png 106 150 107 141 131 91 149 100 
000097_depth.png 103 143 107 134 132 92 150 98 
000098_depth.png 102 142 107 127 137 87 154 97 
000099_depth.png 100 141 107 127 136 87 153 97 
000100_depth.png 100 145 108 126 135 88 155 97 
000101_depth.png 101 146 107 127 136 89 154 97 
000102_depth.png 102 147 109 120 138 88 156 94 173 118 
000103_depth.png 101 149 112 118 141 86 157 94 176 120 
000104_depth.png 102 149 117 115 145 84 161 95 178 118 
000105_depth.png 103 153 120 111 147 84 162 93 182 116 
000106_depth.png 105 153 123 109 152 83 167 92 185 117 
000107_depth.png 105 153 126 106 154 80 187 115 
000108_depth.png 106 152 125 103 157 79 170 90 189 113 
000109_depth.png 107 152 129 105 160 78 172 88 190 112 
000110_depth.png 107 151 129 102 161 78 173 88 192 111 
000111_depth.png 108 151 131 101 162 76 176 87 195 110 
000112_depth.png 111 152 133 100 164 76 176 89 196 110 
000113_depth.png 111 151 132 102 164 78 177 87 198 112 
000114_depth.png 112 148 133 102 165 76 179 86 198 110 
000115_depth.png 112 149 132 106 164 77 178 86 198 112 
000116_depth.png 114 147 132 109 165 77 180 86 198 110 
000117_depth.png 115 145 131 114 164 76 179 85 200 110 
000118_depth.png 116 144 130 117 163 75 179 86 199 111 
000119_depth.png 117 144 128 119 160 76 177 84 200 108 
000120_depth.png 119 144 128 122 159 77 177 86 198 109 
000121_depth.png 121 144 128 126 157 80 177 88 199 110 
000122_depth.png 123 144 128 127 155 81 175 88 199 110 
000123_depth.png 123 142 126 129 154 81 174 87 198 109 
000124_depth.png 125 143 127 130 153 82 174 89 197 109 
000125_depth.png 125 142 128 131 153 83 174 89 197 110 
000126_depth.png 127 143 127 132 152 83 172 89 198 109 
000127_depth.png 127 146 128 135 151 81 172 88 197 110 
000128_depth.png 128 146 126 136 151 84 172 88 197 111 
000129_depth.png 127 147 127 138 152 85 172 90 197 110 
000130_depth.png 128 148 128 134 150 84 171 89 196 110 
000131_depth.png 126 150 126 137 150 85 171 91 195 112 
000132_depth.png 125 148 127 136 150 85 170 89 195 111 
000133_depth.png 125 149 126 137 150 86 170 92 195 110 
000134_depth.png 127 148 125 138 149 86 170 90 196 111 
000135_depth.png 126 148 126 137 149 85 169 88 196 110 
000136_depth.png 123 145 126 136 148 85 169 89 195 109 
000137_depth.png 127 149 125 136 149 84 169 89 196 110 
000138_depth.png 125 143 125 131 149 83 171 89 197 110 
000139_depth.png 122 145 123 129 150 85 172 89 198 110 
000140_depth.png 119 145 123 124 150 83 171 90 197 111 
000141_depth.png 119 146 124 122 153 84 172 90 197 110 
000142_depth.png 117 147 125 120 153 84 173 91 199 111 
000143_depth.png 117 149 127 116 156 84 174 89 200 113 
000144_depth.png 117 149 130 114 159 83 177 89 201 112 
000145_depth.png 117 147 133 115 160 81 176 88 204 110 
000146_depth.png 119 147 134 114 162 80 179 88 206 110 
000147_depth.png 120 146 136 113 162 81 181 87 207 110 
000148_depth.png 121 147 136 113 163 79 182 86 209 109 
000149_depth.png 123 145 136 113 162 79 182 86 208 110 
000150_depth.png 123 146 137 113 161 77 181 85 211 105 
000151_depth.png 124 147 136 112 161 78 181 84 210 105 
000152_depth.png 126 145 139 112 161 76 182 81 212 102 
000153_depth.png 126 144 137 112 161 76 181 81 212 103 
000154_depth.png 125 144 137 112 161 77 180 81 212 101 
000155_depth.png 129 144 138 113 162 74 182 79 215 100 
000156_depth.png 129 144 139 111 162 73 183 79 216 99 
000157_depth.png 130 142 141 112 163 73 185 79 216 101 
000158_depth.png 132 142 140 115 162 74 184 78 215 100 
000159_depth.png 134 142 141 115 164 75 184 80 216 101 
000160_depth.png 135 142 141 116 163 74 185 77 218 99 
000161_depth.png 135 140 140 114 163 73 184 78 215 98 
000162_depth.png 134 137 141 114 162 72 184 77 214 100 
000163_depth.png 134 138 139 116 161 72 182 76 214 99 
000164_depth.png 135 135 140 117 161 71 183 76 216 97 
000165_depth.png 136 135 141 118 162 71 184 76 217 96 
000166_depth.png 136 136 141 119 162 73 183 76 216 96 
000167_depth.png 138 137 140 120 161 74 184 77 215 97 
000168_depth.png 142 138 145 125 159 74 182 78 217 96 
000169_depth.png 141 138 143 128 160 75 183 78 215 97 
000170_depth.png 138 140 144 124 159 73 182 77 216 96 
000171_depth.png 138 140 144 124 160 74 181 77 216 95 
000172_depth.png 137 140 142 129 159 76 181 77 213 96 
000173_depth.png 136 140 142 126 159 74 183 77 215 98 
000174_depth.png 138 143 140 129 158 75 182 78 214 98 
000175_depth.png 139 140 142 128 156 76 180 78 214 97 
000176_depth.png 138 140 142 130 158 76 182 80 213 98 
000177_depth.png 139 140 143 128 158 77 182 79 214 100 
000178_depth.png 138 140 140 129 158 77 180 79 214 99 
000179_depth.png 136 142 137 126 156 77 179 80 212 100 
000180_depth.png 134 140 137 127 156 76 180 79 212 99 
000181_depth.png 131 135 138 121 157 77 179 79 212 101 
000182_depth.png 127 137 137 118 158 74 180 79 211 98 
000183_depth.png 125 138 137 116 157 74 178 79 209 101 
000184_depth.png 122 136 135 113 158 73 179 79 207 101 
000185_depth.png 121 135 137 112 160 73 180 78 206 103 
000186_depth.png 120 134 136 110 162 71 181 78 204 103 
000187_depth.png 116 132 137 107 164 70 182 78 
000188_depth.png 116 130 138 103 166 69 185 80 
000189_depth.png 114 129 139 101 167 69 183 79 
000190_depth.png 117 128 140 103 170 68 185 78 
000191_depth.png 120 128 138 102 169 68 183 79 
000192_depth.png 118 127 138 103 169 70 183 81 
000193_depth.png 119 125 137 103 168 71 
000194_depth.png 120 127 138 106 169 68 
000195_depth.png 125 125 136 108 166 68 182 80 
000196_depth.png 126 125 135 112 166 68 181 80 
000197_depth.png 131 128 136 114 165 68 183 79 
000198_depth.png 131 129 135 115 166 70 183 78 
000199_depth.png 132 126 135 116 166 69 182 79 
000200_depth.png 133 129 137 119 165 71 183 80 
000201_depth.png 132 130 136 119 164 71 182 80 
000202_depth.png 131 130 136 119 163 71 179 80 
000203_depth.png 134 129 136 120 163 70 180 78 
000204_depth.png 129 130 134 119 163 71 180 78 
000205_depth.png 132 129 134 120 163 70 180 80 
000206_depth.png 129 128 133 118 162 70 178 81 
000207_depth.png 124 124 132 111 164 71 179 80 
000208_depth.png 122 122 133 108 164 70 
000209_depth.png 121 124 136 105 167 71 
000210_depth.png 118 125 136 101 166 70 
000211_depth.png 116 129 139 100 167 72 
000212_depth.png 116 126 139 99 169 73 
000213_depth.png 116 124 139 97 170 72 
000214_depth.png 117 122 141 96 171 73 
000215_depth.png 119 120 142 96 172 73 
000216_depth.png 122 119 143 96 173 74 
000217_depth.png 122 118 142 95 173 74 
000218_depth.png 125 120 143 95 175 74 
000219_depth.png 126 115 144 92 176 75 
000220_depth.png 127 115 146 93 176 75 
000221_depth.png 128 114 145 92 177 75 
000222_depth.png 131 113 146 94 176 74 
000223_depth.png 131 113 145 95 175 75 
000224_depth.png 131 114 146 96 177 74 
000225_depth.png 134 112 142 101 176 74 
000226_depth.png 136 114 143 104 174 72 
000227_depth.png 136 114 141 105 176 74 
000228_depth.png 137 113 143 105 175 72 
000229_depth.png 136 112 145 104 174 72 
000230_depth.png 136 112 143 103 173 71 
000231_depth.png 136 114 142 104 172 72 
000232_depth.png 133 113 141 105 172 71 
000233_depth.png 133 114 141 106 168 75 
000234_depth.png 132 115 140 107 167 74 
000235_depth.png 131 119 138 108 166 75 
000236_depth.png 131 117 137 108 165 73 
000237_depth.png 132 119 140 106 166 72 
000238_depth.png 136 118 141 105 165 73 
000239_depth.png 143 114 146 105 170 74 
000240_depth.png 148 116 149 105 169 73 
000241_depth.png 171 73 
000242_depth.png 143 116 173 74 
000243_depth.png 143 117 172 74 
000244_depth.png 143 116 172 74 
000245_depth.png 142 117 172 74 
000246_depth.png 140 119 161 90 173 72 
000247_depth.png 139 119 158 91 173 75 
000248_depth.png 138 118 159 90 170 73 
000249_depth.png 139 121 159 91 170 74 
000250_depth.png 139 119 159 92 168 74 
000251_depth.png 140 123 157 90 169 74 
000252_depth.png 138 119 155 90 166 73 
000253_depth.png 138 119 158 94 167 73 
000254_depth.png 139 121 158 92 168 75 
000255_depth.png 139 120 158 94 166 73 
000256_depth.png 139 120 167 73 
000257_depth.png 137 119 164 74 
000258_depth.png 138 119 165 75 
000259_depth.png 138 119 165 74 
000260_depth.png 138 120 163 73 
000261_depth.png 137 119 162 73 
000262_depth.png 135 118 162 71 
000263_depth.png 137 119 161 70 
000264_depth.png 139 119 161 70 
000265_depth.png 136 119 161 70 
000266_depth.png 137 118 161 70 
000267_depth.png 138 118 159 70 
000268_depth.png 137 119 160 71 
000269_depth.png 137 118 158 68 
000270_depth.png 136 122 156 70 
000271_depth.png 134 126 151 71 
000272_depth.png 150 68 
000273_depth.png 148 67 
000274_depth.png 150 66 
000275_depth.png 149 66 
000276_depth.png 148 65 
000277_depth.png 147 65 
000278_depth.png 148 66 
000279_depth.png 148 66 
000280_depth.png 147 68 
000281_depth.png 149 69 
000282_depth.png 149 70 
000283_depth.png 150 74 
000284_depth.png 149 71 
000285_depth.png 150 76 
000286_depth.png 150 79 
000287_depth.png 150 79 
000288_depth.png 150 78 
000289_depth.png 148 77 
000290_depth.png 150 80 
000291_depth.png 150 79 
000292_depth.png 150 77 
000293_depth.png 151 80 
000294_depth.png 151 79 
000295_depth.png 138 131 139 108 155 78 
000296_depth.png 133 131 139 105 158 77 
000297_depth.png 129 132 136 107 159 76 
000298_depth.png 128 134 135 108 161 76 
000299_depth.png 126 133 134 107 162 76 
000300_depth.png 124 134 132 108 164 75 
000301_depth.png 121 134 131 108 164 73 
000302_depth.png 123 135 130 109 163 73 
000303_depth.png 121 135 129 110 164 71 
000304_depth.png 121 134 128 111 164 69 
000305_depth.png 119 137 128 112 161 70 
000306_depth.png 120 135 127 115 162 67 
000307_depth.png 120 135 126 114 163 67 
000308_depth.png 120 135 132 116 163 69 
000309_depth.png 121 134 129 116 163 68 
000310_depth.png 125 137 131 125 162 70 
000311_depth.png 128 138 130 126 160 70 
000312_depth.png 130 141 130 126 158 70 176 81 
000313_depth.png 129 138 129 128 158 71 
000314_depth.png 130 140 131 127 158 72 176 82 
000315_depth.png 129 140 130 129 158 72 176 81 
000316_depth.png 130 138 130 127 158 72 175 82 
000317_depth.png 133 139 132 129 158 72 177 82 
000318_depth.png 134 137 135 125 161 70 177 80 
000319_depth.png 135 136 135 126 163 71 181 79 
000320_depth.png 140 136 137 126 166 70 185 78 
000321_depth.png 148 134 145 123 172 71 
000322_depth.png 151 138 150 129 176 72 194 82 
000323_depth.png 154 137 153 127 178 72 195 81 
000324_depth.png 154 138 153 131 180 75 198 84 
000325_depth.png 158 143 158 132 183 78 199 86 
000326_depth.png 158 143 158 134 182 78 200 86 
000327_depth.png 157 144 155 135 182 79 200 88 
000328_depth.png 157 146 154 136 179 80 197 88 
000329_depth.png 153 144 154 137 178 81 197 88 
000330_depth.png 152 145 152 137 177 81 196 87 
000331_depth.png 152 145 151 134 174 79 196 85 
000332_depth.png 149 145 150 134 174 79 195 84 
000333_depth.png 151 144 150 134 172 78 194 82 
000334_depth.png 146 144 147 132 172 78 194 82 
000335_depth.png 146 140 147 133 170 77 193 80 
000336_depth.png 144 141 145 131 168 75 192 78 212 103 
000337_depth.png 142 142 143 129 166 75 191 78 212 101 
000338_depth.png 142 143 142 131 166 75 189 77 211 100 
000339_depth.png 140 142 139 131 162 73 187 76 213 99 
000340_depth.png 138 142 138 129 158 72 185 74 213 97 
000341_depth.png 136 140 138 126 156 71 182 72 211 94 
000342_depth.png 136 142 138 127 154 70 180 71 211 93 
000343_depth.png 135 143 138 127 154 70 180 72 211 93 
000344_depth.png 137 141 140 126 154 70 181 73 213 93 
000345_depth.png 139 144 139 126 153 72 179 72 212 94 
000346_depth.png 138 141 140 124 154 71 179 72 213 95 
000347_depth.png 137 142 140 127 152 71 180 73 212 94 
000348_depth.png 136 140 140 122 149 71 176 70 211 92 
000349_depth.png 135 140 139 125 148 72 174 68 212 86 
000350_depth.png 138 141 142 123 147 73 173 70 210 91 
000351_depth.png 134 141 138 125 145 74 170 69 209 88 
000352_depth.png 134 143 136 126 144 75 170 70 208 89 
000353_depth.png 135 140 137 125 144 75 170 69 208 88 
000354_depth.png 132 141 135 127 146 73 173 71 207 92 
000355_depth.png 130 141 133 128 145 72 172 70 207 92 
000356_depth.png 130 140 131 129 144 72 173 71 205 93 
000357_depth.png 128 142 130 128 147 71 173 70 205 95 
000358_depth.png 128 138 129 128 148 70 174 69 203 94 
000359_depth.png 129 139 130 127 150 66 175 68 203 94 
000360_depth.png 128 138 130 127 150 67 174 70 
000361_depth.png 127 138 129 126 149 67 173 70 
000362_depth.png 129 134 128 120 152 64 175 67 
000363_depth.png 127 134 127 120 153 63 175 67 
000364_depth.png 128 129 130 119 154 61 177 68 
000365_depth.png 128 130 130 119 154 61 178 69 
000366_depth.png 134 129 133 119 159 61 
000367_depth.png 133 127 137 115 161 59 
000368_depth.png 132 125 135 112 162 58 
000369_depth.png 135 123 139 109 164 58 
000370_depth.png 136 120 139 109 163 54 
000371_depth.png 136 115 140 109 164 56 
000372_depth.png 139 117 141 108 164 56 
000373_depth.png 140 120 142 109 164 56 
000374_depth.png 141 121 146 113 164 56 
000375_depth.png 164 56 
000376_depth.png 164 58 
000377_depth.png 165 57 
000378_depth.png 165 54 
000379_depth.png 165 54 
000380_depth.png 143 109 164 54 
000381_depth.png 142 106 164 53 
000382_depth.png 139 108 164 54 
000383_depth.png 138 108 159 74 168 54 
000384_depth.png 136 107 166 52 
000385_depth.png 134 106 156 75 167 53 
000386_depth.png 134 107 158 75 167 54 
000387_depth.png 133 106 157 74 168 54 
000388_depth.png 133 106 156 74 168 54 
000389_depth.png 131 107 158 73 169 55 
000390_depth.png 130 107 155 74 170 55 
000391_depth.png 130 106 169 54 
000392_depth.png 133 106 166 55 
000393_depth.png 131 104 167 53 
000394_depth.png 131 106 166 53 
000395_depth.png 135 110 161 56 
000396_depth.png 134 110 160 54 
000397_depth.png 137 111 162 56 
000398_depth.png 141 109 160 54 
000399_depth.png 159 55 
000400_depth.png 157 55 
000401_depth.png 157 55 
000402_depth.png 154 56 
000403_depth.png 152 58 
000404_depth.png 150 57 
000405_depth.png 127 123 132 112 149 60 
000406_depth.png 124 122 128 112 149 59 
000407_depth.png 124 121 128 112 150 60 
000408_depth.png 125 124 128 115 152 59 
000409_depth.png 124 127 127 117 151 60 
000410_depth.png 122 136 122 121 151 64 
000411_depth.png 119 131 122 120 148 61 
000412_depth.png 117 133 123 118 148 62 170 69 
000413_depth.png 118 130 119 118 143 63 166 69 
000414_depth.png 117 130 120 121 140 65 166 68 
000415_depth.png 116 132 119 122 138 65 163 69 196 91 
000416_depth.png 117 131 117 124 134 65 160 67 196 89 
000417_depth.png 117 133 114 121 133 67 159 68 196 89 
000418_depth.png 116 133 115 123 133 68 159 68 194 90 
000419_depth.png 115 132 118 121 135 69 161 67 198 90 
000420_depth.png 116 129 117 114 137 66 162 68 197 90 
000421_depth.png 114 129 114 112 137 65 162 67 197 90 
000422_depth.png 111 131 114 108 137 65 165 69 197 91 
000423_depth.png 101 138 112 100 141 64 163 69 194 93 
000424_depth.png 95 140 111 98 141 63 163 70 196 97 
000425_depth.png 91 141 111 96 140 66 165 73 195 97 
000426_depth.png 90 145 114 88 144 64 164 74 194 98 
000427_depth.png 86 148 119 85 145 66 166 75 195 100 
000428_depth.png 85 151 120 81 147 66 169 74 195 102 
000429_depth.png 86 152 122 80 149 66 171 74 196 100 
000430_depth.png 82 154 121 78 150 65 172 75 197 99 
000431_depth.png 84 155 121 82 150 67 169 76 196 100 
000432_depth.png 84 156 120 83 150 67 170 76 196 101 
000433_depth.png 83 155 119 83 149 67 169 76 196 102 
000434_depth.png 83 156 117 84 148 66 169 75 196 101 
000435_depth.png 85 155 118 84 148 66 171 76 197 101 
000436_depth.png 82 156 119 84 149 66 169 76 197 102 
000437_depth.png 82 155 117 84 147 65 169 76 196 101 
000438_depth.png 83 157 118 84 150 66 168 75 195 100 
000439_depth.png 85 156 118 83 150 67 168 75 197 100 
000440_depth.png 83 155 118 87 150 68 168 76 196 101 
