441
./CVAR/P6/000000_depth.png 163.922 156.876 412.000 
./CVAR/P6/000001_depth.png 158.829 140.747 407.000
./CVAR/P6/000002_depth.png 163.073 140.747 407.000
./CVAR/P6/000003_depth.png 165.620 142.445 407.000 
./CVAR/P6/000004_depth.png 165.620 144.143 413.000 
./CVAR/P6/000005_depth.png 172.411 144.143 414.000 
./CVAR/P6/000006_depth.png 173.260 144.143 412.000 
./CVAR/P6/000007_depth.png 171.562 140.747 410.000 
./CVAR/P6/000008_depth.png 170.713 140.747 405.000 
./CVAR/P6/000009_depth.png 166.469 140.747 401.000 
./CVAR/P6/000010_depth.png 166.469 140.747 403.000 
./CVAR/P6/000011_depth.png 165.620 137.351 406.000 
./CVAR/P6/000012_depth.png 165.620 139.049 400.000 
./CVAR/P6/000013_depth.png 163.922 135.654 403.000 
./CVAR/P6/000014_depth.png 163.396 125.093 409.000 
./CVAR/P6/000015_depth.png 160.000 120.000 395.000 
./CVAR/P6/000016_depth.png 158.302 120.000 395.000 
./CVAR/P6/000017_depth.png 157.453 120.000 397.000 
./CVAR/P6/000018_depth.png 155.756 119.151 397.000 
./CVAR/P6/000019_depth.png 153.209 120.000 397.000 
./CVAR/P6/000020_depth.png 151.511 120.000 395.000 
./CVAR/P6/000021_depth.png 154.058 116.604 408.000 
./CVAR/P6/000022_depth.png 154.907 120.000 401.000 
./CVAR/P6/000023_depth.png 155.756 120.000 401.000 
./CVAR/P6/000024_depth.png 157.453 119.151 400.000 
./CVAR/P6/000025_depth.png 156.604 120.000 402.000 
./CVAR/P6/000026_depth.png 156.604 120.849 399.000 
./CVAR/P6/000027_depth.png 156.604 120.849 397.000 
./CVAR/P6/000028_depth.png 156.604 121.698 392.000 
./CVAR/P6/000029_depth.png 160.000 120.000 401.000 
./CVAR/P6/000030_depth.png 155.756 123.396 401.000 
./CVAR/P6/000031_depth.png 154.907 122.547 392.000 
./CVAR/P6/000032_depth.png 151.511 126.791 395.000 
./CVAR/P6/000033_depth.png 154.058 127.640 395.000 
./CVAR/P6/000034_depth.png 154.058 125.942 395.000 
./CVAR/P6/000035_depth.png 158.302 129.338 395.000 
./CVAR/P6/000036_depth.png 159.151 128.489 380.000 
./CVAR/P6/000037_depth.png 161.698 131.036 378.000 
./CVAR/P6/000038_depth.png 160.849 131.885 378.000 
./CVAR/P6/000039_depth.png 162.547 130.187 379.000 
./CVAR/P6/000040_depth.png 160.000 128.489 377.000 
./CVAR/P6/000041_depth.png 161.698 127.640 380.000 
./CVAR/P6/000042_depth.png 160.849 129.338 377.000 
./CVAR/P6/000043_depth.png 160.849 125.942 377.000 
./CVAR/P6/000044_depth.png 160.849 128.489 378.000 
./CVAR/P6/000045_depth.png 161.698 127.640 378.000 
./CVAR/P6/000046_depth.png 160.849 128.489 376.000 
./CVAR/P6/000047_depth.png 160.849 128.489 374.000 
./CVAR/P6/000048_depth.png 160.000 129.338 376.000 
./CVAR/P6/000049_depth.png 160.000 131.885 375.000 
./CVAR/P6/000050_depth.png 160.849 131.036 373.000 
./CVAR/P6/000051_depth.png 161.698 130.187 372.000 
./CVAR/P6/000052_depth.png 160.000 130.187 372.000 
./CVAR/P6/000053_depth.png 161.698 131.885 370.000 
./CVAR/P6/000054_depth.png 160.000 129.338 370.000 
./CVAR/P6/000055_depth.png 161.698 131.885 365.000 
./CVAR/P6/000056_depth.png 159.151 132.733 363.000 
./CVAR/P6/000057_depth.png 161.698 131.885 369.000 
./CVAR/P6/000058_depth.png 162.547 131.885 369.000 
./CVAR/P6/000059_depth.png 160.849 131.036 371.000 
./CVAR/P6/000060_depth.png 160.000 130.187 370.000 
./CVAR/P6/000061_depth.png 162.547 130.187 370.000 
./CVAR/P6/000062_depth.png 161.698 131.036 368.000 
./CVAR/P6/000063_depth.png 161.698 132.733 366.000 
./CVAR/P6/000064_depth.png 162.547 135.280 363.000 
./CVAR/P6/000065_depth.png 161.698 131.885 371.000 
./CVAR/P6/000066_depth.png 161.698 131.036 369.000 
./CVAR/P6/000067_depth.png 162.547 130.187 374.000 
./CVAR/P6/000068_depth.png 160.000 133.582 369.000 
./CVAR/P6/000069_depth.png 161.698 133.582 368.000 
./CVAR/P6/000070_depth.png 162.224 137.351 364.000 
./CVAR/P6/000071_depth.png 162.224 137.351 366.000 
./CVAR/P6/000072_depth.png 162.224 139.049 360.000 
./CVAR/P6/000073_depth.png 163.073 137.351 365.000 
./CVAR/P6/000074_depth.png 160.526 139.049 358.000 
./CVAR/P6/000075_depth.png 160.526 140.747 357.000 
./CVAR/P6/000076_depth.png 161.375 139.049 359.000 
./CVAR/P6/000077_depth.png 160.526 139.049 358.000 
./CVAR/P6/000078_depth.png 159.677 138.200 359.000 
./CVAR/P6/000079_depth.png 159.677 138.200 361.000 
./CVAR/P6/000080_depth.png 159.677 138.200 360.000 
./CVAR/P6/000081_depth.png 157.980 139.898 359.000 
./CVAR/P6/000082_depth.png 157.980 139.898 361.000 
./CVAR/P6/000083_depth.png 156.282 139.898 360.000 
./CVAR/P6/000084_depth.png 155.433 140.747 358.000 
./CVAR/P6/000085_depth.png 157.980 140.747 356.000 
./CVAR/P6/000086_depth.png 154.584 137.351 359.000 
./CVAR/P6/000087_depth.png 153.735 140.747 359.000 
./CVAR/P6/000088_depth.png 152.886 140.747 359.000 
./CVAR/P6/000089_depth.png 152.037 139.898 360.000 
./CVAR/P6/000090_depth.png 152.037 139.898 358.000 
./CVAR/P6/000091_depth.png 151.188 139.898 357.000 
./CVAR/P6/000092_depth.png 151.188 139.898 357.000 
./CVAR/P6/000093_depth.png 151.188 139.898 355.000 
./CVAR/P6/000094_depth.png 153.735 137.351 358.000 
./CVAR/P6/000095_depth.png 147.793 139.049 355.000 
./CVAR/P6/000096_depth.png 150.340 140.747 350.000 
./CVAR/P6/000097_depth.png 149.491 135.654 356.000 
./CVAR/P6/000098_depth.png 156.282 134.805 357.000 
./CVAR/P6/000099_depth.png 156.282 135.654 356.000 
./CVAR/P6/000100_depth.png 156.282 135.654 362.000 
./CVAR/P6/000101_depth.png 155.433 136.503 356.000 
./CVAR/P6/000102_depth.png 155.433 136.503 355.000 
./CVAR/P6/000103_depth.png 159.151 129.338 378.000 
./CVAR/P6/000104_depth.png 160.000 131.885 376.000 
./CVAR/P6/000105_depth.png 160.849 131.036 380.000 
./CVAR/P6/000106_depth.png 164.244 131.885 378.000 
./CVAR/P6/000107_depth.png 165.093 130.187 377.000 
./CVAR/P6/000108_depth.png 168.489 125.942 383.000 
./CVAR/P6/000109_depth.png 167.640 121.698 383.000 
./CVAR/P6/000110_depth.png 168.489 122.547 381.000 
./CVAR/P6/000111_depth.png 167.640 121.698 381.000 
./CVAR/P6/000112_depth.png 172.733 123.396 379.000 
./CVAR/P6/000113_depth.png 172.733 125.093 377.000 
./CVAR/P6/000114_depth.png 173.582 123.396 378.000 
./CVAR/P6/000115_depth.png 173.582 125.942 375.000 
./CVAR/P6/000116_depth.png 172.733 122.547 378.000 
./CVAR/P6/000117_depth.png 171.885 123.396 379.000 
./CVAR/P6/000118_depth.png 173.582 125.093 375.000 
./CVAR/P6/000119_depth.png 171.885 124.244 376.000 
./CVAR/P6/000120_depth.png 173.582 123.396 375.000 
./CVAR/P6/000121_depth.png 175.280 127.640 375.000 
./CVAR/P6/000122_depth.png 171.885 129.338 369.000 
./CVAR/P6/000123_depth.png 171.036 130.187 372.000 
./CVAR/P6/000124_depth.png 173.582 131.885 369.000 
./CVAR/P6/000125_depth.png 170.187 131.036 371.000 
./CVAR/P6/000126_depth.png 171.036 131.885 375.000 
./CVAR/P6/000127_depth.png 172.733 131.885 372.000 
./CVAR/P6/000128_depth.png 173.260 134.805 371.000 
./CVAR/P6/000129_depth.png 173.260 133.956 366.000 
./CVAR/P6/000130_depth.png 173.260 133.956 371.000 
./CVAR/P6/000131_depth.png 173.260 132.258 369.000 
./CVAR/P6/000132_depth.png 173.260 132.258 376.000 
./CVAR/P6/000133_depth.png 173.260 132.258 372.000 
./CVAR/P6/000134_depth.png 173.260 132.258 372.000 
./CVAR/P6/000135_depth.png 173.260 132.258 372.000 
./CVAR/P6/000136_depth.png 173.260 132.258 373.000 
./CVAR/P6/000137_depth.png 173.260 132.258 372.000 
./CVAR/P6/000138_depth.png 177.504 132.258 376.000 
./CVAR/P6/000139_depth.png 177.504 132.258 377.000 
./CVAR/P6/000140_depth.png 177.504 132.258 380.000 
./CVAR/P6/000141_depth.png 177.504 133.956 379.000 
./CVAR/P6/000142_depth.png 178.353 136.503 377.000 
./CVAR/P6/000143_depth.png 178.353 136.503 373.000 
./CVAR/P6/000144_depth.png 179.202 136.503 374.000 
./CVAR/P6/000145_depth.png 179.202 136.503 371.000 
./CVAR/P6/000146_depth.png 182.598 135.654 375.000 
./CVAR/P6/000147_depth.png 185.144 135.654 382.000 
./CVAR/P6/000148_depth.png 184.295 135.654 374.000 
./CVAR/P6/000149_depth.png 182.598 134.805 368.000 
./CVAR/P6/000150_depth.png 180.900 135.654 365.000 
./CVAR/P6/000151_depth.png 180.900 135.654 364.000 
./CVAR/P6/000152_depth.png 180.051 135.654 359.000 
./CVAR/P6/000153_depth.png 179.202 136.503 357.000 
./CVAR/P6/000154_depth.png 182.598 136.503 356.000 
./CVAR/P6/000155_depth.png 184.295 134.805 357.000 
./CVAR/P6/000156_depth.png 184.295 134.805 353.000 
./CVAR/P6/000157_depth.png 185.993 134.805 359.000 
./CVAR/P6/000158_depth.png 185.993 133.107 359.000 
./CVAR/P6/000159_depth.png 185.993 133.107 356.000 
./CVAR/P6/000160_depth.png 185.993 133.107 358.000 
./CVAR/P6/000161_depth.png 185.993 133.107 358.000 
./CVAR/P6/000162_depth.png 187.691 133.107 357.000 
./CVAR/P6/000163_depth.png 186.842 131.409 356.000 
./CVAR/P6/000164_depth.png 182.598 128.862 352.000 
./CVAR/P6/000165_depth.png 185.993 127.165 359.000 
./CVAR/P6/000166_depth.png 185.993 125.467 357.000 
./CVAR/P6/000167_depth.png 185.993 125.467 354.000 
./CVAR/P6/000168_depth.png 185.993 125.467 355.000 
./CVAR/P6/000169_depth.png 185.993 125.467 358.000 
./CVAR/P6/000170_depth.png 185.993 125.467 355.000 
./CVAR/P6/000171_depth.png 185.993 125.467 355.000 
./CVAR/P6/000172_depth.png 185.993 125.467 355.000 
./CVAR/P6/000173_depth.png 185.993 125.467 359.000 
./CVAR/P6/000174_depth.png 191.087 125.467 370.000 
./CVAR/P6/000175_depth.png 186.842 127.165 357.000 
./CVAR/P6/000176_depth.png 186.842 127.165 355.000 
./CVAR/P6/000177_depth.png 186.842 127.165 357.000 
./CVAR/P6/000178_depth.png 186.842 127.165 358.000 
./CVAR/P6/000179_depth.png 186.842 127.165 361.000 
./CVAR/P6/000180_depth.png 185.144 127.165 363.000 
./CVAR/P6/000181_depth.png 184.295 127.165 359.000 
./CVAR/P6/000182_depth.png 181.749 128.862 352.000 
./CVAR/P6/000183_depth.png 181.749 128.862 351.000 
./CVAR/P6/000184_depth.png 181.749 128.862 351.000 
./CVAR/P6/000185_depth.png 181.749 128.862 352.000 
./CVAR/P6/000186_depth.png 181.749 128.862 346.000 
./CVAR/P6/000187_depth.png 181.749 128.862 347.000 
./CVAR/P6/000188_depth.png 181.749 128.862 347.000 
./CVAR/P6/000189_depth.png 185.144 123.769 350.000 
./CVAR/P6/000190_depth.png 185.144 123.769 349.000 
./CVAR/P6/000191_depth.png 185.144 120.374 350.000 
./CVAR/P6/000192_depth.png 185.144 120.374 354.000 
./CVAR/P6/000193_depth.png 185.993 119.525 355.000 
./CVAR/P6/000194_depth.png 185.993 119.525 356.000 
./CVAR/P6/000195_depth.png 186.842 118.676 354.000 
./CVAR/P6/000196_depth.png 186.842 118.676 354.000 
./CVAR/P6/000197_depth.png 186.842 118.676 353.000 
./CVAR/P6/000198_depth.png 186.842 118.676 351.000 
./CVAR/P6/000199_depth.png 186.842 118.676 350.000 
./CVAR/P6/000200_depth.png 186.842 118.676 351.000 
./CVAR/P6/000201_depth.png 186.842 118.676 354.000 
./CVAR/P6/000202_depth.png 186.842 118.676 354.000 
./CVAR/P6/000203_depth.png 186.842 118.676 353.000 
./CVAR/P6/000204_depth.png 186.842 118.676 355.000 
./CVAR/P6/000205_depth.png 186.842 118.676 358.000 
./CVAR/P6/000206_depth.png 186.842 118.676 356.000 
./CVAR/P6/000207_depth.png 186.842 118.676 366.000 
./CVAR/P6/000208_depth.png 186.842 118.676 360.000 
./CVAR/P6/000209_depth.png 186.842 118.676 363.000 
./CVAR/P6/000210_depth.png 186.842 118.676 358.000 
./CVAR/P6/000211_depth.png 186.842 118.676 373.000 
./CVAR/P6/000212_depth.png 186.842 118.676 375.000 
./CVAR/P6/000213_depth.png 186.842 118.676 374.000 
./CVAR/P6/000214_depth.png 184.295 119.525 363.000 
./CVAR/P6/000215_depth.png 182.598 122.071 351.000 
./CVAR/P6/000216_depth.png 180.900 127.165 333.000 
./CVAR/P6/000217_depth.png 180.900 125.467 336.000 
./CVAR/P6/000218_depth.png 180.900 125.467 335.000 
./CVAR/P6/000219_depth.png 180.900 125.467 337.000 
./CVAR/P6/000220_depth.png 180.900 125.467 337.000 
./CVAR/P6/000221_depth.png 180.900 125.467 337.000 
./CVAR/P6/000222_depth.png 180.900 125.467 335.000 
./CVAR/P6/000223_depth.png 180.900 125.467 333.000 
./CVAR/P6/000224_depth.png 180.900 125.467 332.000 
./CVAR/P6/000225_depth.png 180.900 125.467 334.000 
./CVAR/P6/000226_depth.png 180.900 125.467 334.000 
./CVAR/P6/000227_depth.png 180.900 125.467 332.000 
./CVAR/P6/000228_depth.png 180.900 125.467 335.000 
./CVAR/P6/000229_depth.png 180.900 125.467 334.000 
./CVAR/P6/000230_depth.png 180.900 125.467 335.000 
./CVAR/P6/000231_depth.png 180.900 125.467 335.000 
./CVAR/P6/000232_depth.png 180.900 125.467 333.000 
./CVAR/P6/000233_depth.png 180.900 125.467 340.000 
./CVAR/P6/000234_depth.png 176.655 123.769 340.000 
./CVAR/P6/000235_depth.png 174.109 125.467 338.000 
./CVAR/P6/000236_depth.png 174.109 125.467 338.000 
./CVAR/P6/000237_depth.png 174.109 125.467 336.000 
./CVAR/P6/000238_depth.png 174.109 125.467 337.000 
./CVAR/P6/000239_depth.png 175.806 128.862 337.000 
./CVAR/P6/000240_depth.png 178.353 129.711 333.000 
./CVAR/P6/000241_depth.png 178.353 129.711 334.000 
./CVAR/P6/000242_depth.png 178.353 129.711 334.000 
./CVAR/P6/000243_depth.png 178.353 129.711 334.000 
./CVAR/P6/000244_depth.png 178.353 129.711 336.000 
./CVAR/P6/000245_depth.png 178.353 130.560 336.000 
./CVAR/P6/000246_depth.png 176.655 133.956 336.000 
./CVAR/P6/000247_depth.png 174.109 134.805 336.000 
./CVAR/P6/000248_depth.png 174.109 134.805 336.000 
./CVAR/P6/000249_depth.png 174.109 134.805 336.000 
./CVAR/P6/000250_depth.png 173.260 134.805 336.000 
./CVAR/P6/000251_depth.png 171.562 134.805 336.000 
./CVAR/P6/000252_depth.png 171.562 134.805 336.000 
./CVAR/P6/000253_depth.png 171.562 134.805 336.000 
./CVAR/P6/000254_depth.png 171.562 134.805 336.000 
./CVAR/P6/000255_depth.png 171.562 134.805 336.000 
./CVAR/P6/000256_depth.png 169.864 134.805 336.000 
./CVAR/P6/000257_depth.png 169.864 134.805 336.000 
./CVAR/P6/000258_depth.png 169.015 136.503 336.000 
./CVAR/P6/000259_depth.png 169.015 136.503 336.000 
./CVAR/P6/000260_depth.png 169.015 136.503 330.000 
./CVAR/P6/000261_depth.png 169.015 136.503 330.000 
./CVAR/P6/000262_depth.png 166.469 137.351 330.000 
./CVAR/P6/000263_depth.png 166.469 139.049 330.000 
./CVAR/P6/000264_depth.png 165.620 139.049 330.000 
./CVAR/P6/000265_depth.png 165.620 139.049 330.000 
./CVAR/P6/000266_depth.png 165.620 139.049 330.000 
./CVAR/P6/000267_depth.png 165.620 139.049 330.000 
./CVAR/P6/000268_depth.png 165.620 139.049 330.000  
./CVAR/P6/000269_depth.png 165.620 139.049 330.000 
./CVAR/P6/000270_depth.png 165.620 139.049 330.000 
./CVAR/P6/000271_depth.png 163.922 139.049 330.000 
./CVAR/P6/000272_depth.png 163.922 139.049 325.000 
./CVAR/P6/000273_depth.png 163.922 139.049 325.000 
./CVAR/P6/000274_depth.png 163.922 139.049 325.000 
./CVAR/P6/000275_depth.png 163.073 139.049 325.000 
./CVAR/P6/000276_depth.png 163.073 139.049 325.000 
./CVAR/P6/000277_depth.png 163.073 139.049 325.000 
./CVAR/P6/000278_depth.png 162.224 139.049 325.000 
./CVAR/P6/000279_depth.png 162.224 139.049 325.000 
./CVAR/P6/000280_depth.png 162.224 139.049 325.000 
./CVAR/P6/000281_depth.png 162.224 139.049 325.000 
./CVAR/P6/000282_depth.png 162.224 139.049 325.000 
./CVAR/P6/000283_depth.png 162.224 139.049 325.000 
./CVAR/P6/000284_depth.png 162.224 139.049 325.000 
./CVAR/P6/000285_depth.png 162.224 139.049 325.000 
./CVAR/P6/000286_depth.png 160.526 139.049 325.000 
./CVAR/P6/000287_depth.png 161.375 141.596 325.000 
./CVAR/P6/000288_depth.png 162.224 141.596 325.000 
./CVAR/P6/000289_depth.png 161.375 141.596 325.000 
./CVAR/P6/000290_depth.png 161.375 141.596 325.000 
./CVAR/P6/000291_depth.png 163.073 139.898 325.000 
./CVAR/P6/000292_depth.png 163.073 139.898 325.000 
./CVAR/P6/000293_depth.png 163.073 139.898 325.000 
./CVAR/P6/000294_depth.png 163.073 139.898 325.000 
./CVAR/P6/000295_depth.png 163.073 139.898 313.000 
./CVAR/P6/000296_depth.png 163.073 139.898 326.000 
./CVAR/P6/000297_depth.png 163.073 139.898 326.000 
./CVAR/P6/000298_depth.png 163.073 139.898 326.000 
./CVAR/P6/000299_depth.png 163.073 139.898 326.000 
./CVAR/P6/000300_depth.png 172.411 136.503 325.000 
./CVAR/P6/000301_depth.png 173.260 136.503 326.000 
./CVAR/P6/000302_depth.png 176.655 136.503 319.000 
./CVAR/P6/000303_depth.png 174.958 127.165 322.000 
./CVAR/P6/000304_depth.png 179.202 132.258 320.000 
./CVAR/P6/000305_depth.png 179.202 132.258 322.000 
./CVAR/P6/000306_depth.png 179.202 132.258 316.000 
./CVAR/P6/000307_depth.png 179.202 132.258 323.000 
./CVAR/P6/000308_depth.png 179.202 133.956 321.000 
./CVAR/P6/000309_depth.png 179.202 133.956 323.000 
./CVAR/P6/000310_depth.png 179.202 133.956 322.000 
./CVAR/P6/000311_depth.png 179.202 132.258 320.000 
./CVAR/P6/000312_depth.png 180.900 130.560 322.000 
./CVAR/P6/000313_depth.png 180.900 130.560 323.000 
./CVAR/P6/000314_depth.png 180.900 130.560 322.000 
./CVAR/P6/000315_depth.png 180.900 130.560 322.000 
./CVAR/P6/000316_depth.png 180.900 130.560 324.000 
./CVAR/P6/000317_depth.png 180.900 130.560 323.000 
./CVAR/P6/000318_depth.png 182.598 129.711 325.000 
./CVAR/P6/000319_depth.png 187.691 128.014 327.000 
./CVAR/P6/000320_depth.png 196.180 125.467 335.000 
./CVAR/P6/000321_depth.png 194.482 123.769 336.000 
./CVAR/P6/000322_depth.png 197.029 124.618 336.000 
./CVAR/P6/000323_depth.png 201.273 127.165 340.000 
./CVAR/P6/000324_depth.png 206.367 129.711 339.000 
./CVAR/P6/000325_depth.png 208.065 129.711 339.000 
./CVAR/P6/000326_depth.png 208.913 133.956 338.000 
./CVAR/P6/000327_depth.png 210.611 137.351 336.000 
./CVAR/P6/000328_depth.png 208.913 135.654 338.000 
./CVAR/P6/000329_depth.png 205.518 139.049 335.000 
./CVAR/P6/000330_depth.png 202.971 139.898 332.000 
./CVAR/P6/000331_depth.png 202.122 140.747 324.000 
./CVAR/P6/000332_depth.png 202.122 139.898 327.000 
./CVAR/P6/000333_depth.png 202.122 139.049 326.000 
./CVAR/P6/000334_depth.png 202.122 139.049 325.000 
./CVAR/P6/000335_depth.png 202.122 139.049 329.000 
./CVAR/P6/000336_depth.png 202.122 139.049 327.000 
./CVAR/P6/000337_depth.png 202.122 139.049 330.000 
./CVAR/P6/000338_depth.png 199.576 139.898 323.000 
./CVAR/P6/000339_depth.png 194.482 135.654 317.000 
./CVAR/P6/000340_depth.png 193.633 135.654 321.000 
./CVAR/P6/000341_depth.png 188.540 135.654 318.000 
./CVAR/P6/000342_depth.png 184.295 130.560 319.000 
./CVAR/P6/000343_depth.png 183.447 131.409 318.000 
./CVAR/P6/000344_depth.png 183.447 131.409 319.000 
./CVAR/P6/000345_depth.png 183.447 131.409 319.000 
./CVAR/P6/000346_depth.png 183.447 131.409 321.000 
./CVAR/P6/000347_depth.png 183.447 131.409 321.000 
./CVAR/P6/000348_depth.png 183.447 131.409 325.000 
./CVAR/P6/000349_depth.png 184.295 133.107 327.000 
./CVAR/P6/000350_depth.png 184.295 133.107 323.000 
./CVAR/P6/000351_depth.png 185.144 129.711 331.000 
./CVAR/P6/000352_depth.png 182.598 127.165 327.000 
./CVAR/P6/000353_depth.png 182.598 127.165 325.000 
./CVAR/P6/000354_depth.png 182.598 125.467 328.000 
./CVAR/P6/000355_depth.png 182.598 123.769 326.000 
./CVAR/P6/000356_depth.png 182.598 123.769 324.000 
./CVAR/P6/000357_depth.png 182.598 123.769 322.000 
./CVAR/P6/000358_depth.png 182.598 123.769 317.000 
./CVAR/P6/000359_depth.png 182.598 123.769 314.000 
./CVAR/P6/000360_depth.png 185.993 122.071 322.000 
./CVAR/P6/000361_depth.png 182.598 119.525 321.000 
./CVAR/P6/000362_depth.png 185.144 115.280 320.000 
./CVAR/P6/000363_depth.png 184.295 118.676 327.000 
./CVAR/P6/000364_depth.png 186.842 117.827 327.000 
./CVAR/P6/000365_depth.png 186.842 116.978 327.000 
./CVAR/P6/000366_depth.png 187.691 116.129 327.000 
./CVAR/P6/000367_depth.png 188.540 115.280 327.000 
./CVAR/P6/000368_depth.png 188.540 114.431 327.000 
./CVAR/P6/000369_depth.png 188.540 113.582 327.000 
./CVAR/P6/000370_depth.png 188.540 113.582 327.000 
./CVAR/P6/000371_depth.png 188.540 112.733 327.000 
./CVAR/P6/000372_depth.png 188.540 112.733 327.000 
./CVAR/P6/000373_depth.png 188.540 112.733 327.000 
./CVAR/P6/000374_depth.png 187.691 113.582 327.000 
./CVAR/P6/000375_depth.png 182.598 115.280 327.000 
./CVAR/P6/000376_depth.png 182.598 115.280 327.000 
./CVAR/P6/000377_depth.png 182.598 115.280 310.000 
./CVAR/P6/000378_depth.png 182.598 115.280 327.000 
./CVAR/P6/000379_depth.png 182.598 115.280 327.000 
./CVAR/P6/000380_depth.png 182.598 115.280 327.000 
./CVAR/P6/000381_depth.png 179.202 116.129 327.000 
./CVAR/P6/000382_depth.png 179.202 116.129 327.000 
./CVAR/P6/000383_depth.png 179.202 116.129 327.000 
./CVAR/P6/000384_depth.png 176.655 117.827 327.000 
./CVAR/P6/000385_depth.png 175.806 120.374 327.000 
./CVAR/P6/000386_depth.png 176.655 120.374 317.000 
./CVAR/P6/000387_depth.png 176.655 120.374 327.000 
./CVAR/P6/000388_depth.png 176.655 120.374 323.000 
./CVAR/P6/000389_depth.png 176.655 120.374 327.000 
./CVAR/P6/000390_depth.png 176.655 120.374 327.000 
./CVAR/P6/000391_depth.png 176.655 120.374 323.000 
./CVAR/P6/000392_depth.png 176.655 120.374 322.000 
./CVAR/P6/000393_depth.png 176.655 120.374 321.000 
./CVAR/P6/000394_depth.png 176.655 120.374 321.000 
./CVAR/P6/000395_depth.png 176.655 120.374 321.000 
./CVAR/P6/000396_depth.png 176.655 123.769 321.000 
./CVAR/P6/000397_depth.png 176.000 120.000 321.000 
./CVAR/P6/000398_depth.png 174.000 120.000 321.000 
./CVAR/P6/000399_depth.png 174.958 123.769 321.000 
./CVAR/P6/000400_depth.png 174.791 120.000 321.000 
./CVAR/P6/000401_depth.png 171.885 124.244 321.000 
./CVAR/P6/000402_depth.png 175.280 122.547 321.000 
./CVAR/P6/000403_depth.png 177.504 122.071 321.000 
./CVAR/P6/000404_depth.png 177.504 122.071 321.000 
./CVAR/P6/000405_depth.png 180.051 120.374 321.000 
./CVAR/P6/000406_depth.png 180.051 120.374 321.000 
./CVAR/P6/000407_depth.png 180.051 120.374 321.000 
./CVAR/P6/000408_depth.png 180.051 120.374 324.000 
./CVAR/P6/000409_depth.png 180.051 120.374 324.000 
./CVAR/P6/000410_depth.png 180.900 120.374 324.000 
./CVAR/P6/000411_depth.png 180.900 120.374 324.000 
./CVAR/P6/000412_depth.png 180.900 120.374 324.000 
./CVAR/P6/000413_depth.png 180.900 120.374 324.000 
./CVAR/P6/000414_depth.png 182.598 122.920 324.000 
./CVAR/P6/000415_depth.png 182.598 122.920 310.000 
./CVAR/P6/000416_depth.png 182.598 122.920 322.000 
./CVAR/P6/000417_depth.png 182.598 122.071 321.000 
./CVAR/P6/000418_depth.png 180.051 121.222 315.000 
./CVAR/P6/000419_depth.png 176.655 121.222 312.000 
./CVAR/P6/000420_depth.png 176.655 122.920 321.000 
./CVAR/P6/000421_depth.png 176.655 122.920 318.000 
./CVAR/P6/000422_depth.png 174.958 122.071 325.000 
./CVAR/P6/000423_depth.png 160.000 120.000 324.000 
./CVAR/P6/000424_depth.png 160.000 120.000 324.000 
./CVAR/P6/000425_depth.png 160.000 120.000 324.000 
./CVAR/P6/000426_depth.png 160.000 120.000 324.000 
./CVAR/P6/000427_depth.png 155.756 121.698 324.000 
./CVAR/P6/000428_depth.png 155.756 122.547 329.000 
./CVAR/P6/000429_depth.png 157.453 121.698 327.000 
./CVAR/P6/000430_depth.png 156.604 121.698 328.000 
./CVAR/P6/000431_depth.png 158.302 123.396 330.000 
./CVAR/P6/000432_depth.png 156.604 123.396 329.000 
./CVAR/P6/000433_depth.png 154.907 126.791 330.000 
./CVAR/P6/000434_depth.png 156.604 125.093 332.000 
./CVAR/P6/000435_depth.png 155.756 126.791 328.000 
./CVAR/P6/000436_depth.png 156.604 126.791 329.000 
./CVAR/P6/000437_depth.png 155.756 125.093 330.000 
./CVAR/P6/000438_depth.png 156.604 124.244 328.000 
./CVAR/P6/000439_depth.png 155.756 123.396 329.000 
./CVAR/P6/000440_depth.png 155.756 125.093 333.000 
