000000_depth.png 124.311 141.303 403.708 144.032 123.117 420.681 164.560 115.222 420.787 184.170 119.803 410.725 223.256 162.836 359.959
000001_depth.png 113.075 118.608 369.085 140.124 96.195 386.123 159.623 92.247 393.335 180.327 98.411 384.709 221.402 157.263 347.509
000002_depth.png 119.038 113.977 362.406 145.518 95.297 384.188 165.135 90.571 393.615 185.866 95.866 367.726 227.837 154.205 339.835
000003_depth.png 125.450 120.597 395.034 150.185 101.060 412.619 167.769 95.098 416.698 185.826 101.457 405.982 231.928 151.481 351.763
000004_depth.png 123.393 123.522 397.634 147.161 105.444 411.445 164.135 98.048 429.184 181.910 103.125 407.435 228.365 150.505 357.637
000005_depth.png 132.555 127.197 404.543 153.227 108.487 422.373 170.011 100.247 423.371 188.603 104.532 412.920 234.861 149.352 358.723
000006_depth.png 134.857 125.543 402.299 156.594 106.132 419.777 173.452 97.989 422.005 190.840 103.635 411.015 237.370 148.097 356.766
000007_depth.png 130.478 119.940 398.350 155.016 100.244 416.828 171.109 91.561 420.289 189.342 98.617 409.156 235.737 143.497 354.679
000008_depth.png 129.551 118.016 394.430 151.605 98.418 411.865 167.156 91.561 414.280 186.652 95.728 404.069 233.894 140.378 349.971
000009_depth.png 125.940 118.890 390.971 148.944 99.145 408.776 166.337 90.285 411.214 185.398 97.200 399.939 231.979 141.563 345.560
000010_depth.png 126.463 117.965 392.467 148.844 98.220 409.859 165.096 89.324 413.276 183.995 96.079 401.952 230.430 140.477 347.474
000011_depth.png 126.217 117.449 396.477 148.848 97.697 413.667 165.723 89.458 416.130 183.418 95.879 405.140 229.591 139.451 350.670
000012_depth.png 125.222 115.997 389.458 147.796 96.237 406.858 164.067 87.169 410.224 182.967 94.068 399.000 229.702 137.295 344.582
000013_depth.png 123.789 112.707 392.463 146.280 93.201 409.860 162.429 84.193 413.184 181.149 90.959 401.985 226.794 132.342 347.707
000014_depth.png 122.551 110.055 400.202 144.334 90.765 417.255 161.239 81.258 418.553 179.808 85.835 408.031 225.035 128.300 353.625
000015_depth.png 119.720 106.401 387.326 140.874 87.265 403.352 158.459 77.539 404.651 177.170 82.002 394.035 223.312 124.014 339.288
000016_depth.png 114.277 106.465 388.520 135.978 84.859 404.492 151.008 74.724 404.639 170.179 78.427 393.905 216.046 118.430 339.215
000017_depth.png 113.465 104.631 389.275 135.106 84.517 405.716 151.357 74.936 406.544 170.302 78.737 395.932 215.934 118.408 341.229
000018_depth.png 111.979 105.805 390.424 133.834 84.266 406.590 148.691 74.167 406.675 167.667 77.726 395.889 213.044 117.390 341.081
000019_depth.png 109.184 106.115 391.091 131.034 84.927 406.596 145.939 74.735 406.447 163.710 77.956 395.783 207.712 113.959 340.954
000020_depth.png 109.952 105.983 389.187 131.821 84.782 404.613 146.847 74.467 404.420 163.507 76.632 393.817 205.925 112.679 338.978
000021_depth.png 112.612 107.240 401.855 133.716 86.506 417.705 148.218 76.495 417.377 164.258 78.263 406.771 202.353 109.562 351.624
000022_depth.png 112.592 107.397 395.484 134.129 86.639 410.715 148.830 76.372 410.345 163.519 77.379 399.547 202.214 109.002 344.125
000023_depth.png 112.248 108.876 395.397 133.514 86.677 410.746 148.288 76.370 410.275 162.984 77.354 399.284 200.828 108.693 343.668
000024_depth.png 114.326 110.885 398.438 134.684 87.476 409.273 148.446 76.622 401.619 160.667 78.865 367.096 192.639 108.566 317.792
000025_depth.png 114.322 110.510 403.242 135.359 87.244 410.013 147.689 76.491 403.473 159.848 78.827 377.310 189.782 108.087 320.021
000026_depth.png 115.545 112.212 405.693 134.575 87.496 411.068 149.329 79.035 402.545 157.485 77.789 364.452 186.531 107.333 316.186
000027_depth.png 128.058 130.094 407.059 134.869 89.569 403.775 147.977 80.566 397.741 153.950 77.045 371.588 176.683 105.982 314.143
000028_depth.png 116.881 115.657 413.022 137.515 91.265 404.399 154.481 80.592 384.498 151.766 85.497 353.080 159.387 108.576 302.581
000029_depth.png 119.047 115.635 419.749 135.507 91.949 414.153 146.176 84.572 410.510 151.103 84.456 365.210 159.897 110.017 331.216
000030_depth.png 118.142 117.559 423.076 136.787 91.826 413.313 148.717 82.423 386.778 147.097 88.248 350.710 153.111 108.461 313.328
000031_depth.png 119.127 117.949 413.291 136.697 93.046 404.251 147.837 83.733 384.338 145.076 89.050 352.321 151.501 109.862 303.568
000032_depth.png 124.784 120.496 459.707 139.234 90.759 439.523 146.016 78.858 416.742 139.963 105.298 358.023 140.085 113.410 339.097
000033_depth.png 121.369 122.259 415.823 135.654 95.480 408.804 147.244 85.127 387.372 144.613 90.689 355.318 148.667 111.895 307.633
000034_depth.png 118.879 119.842 416.181 134.410 95.862 407.005 146.658 86.638 387.101 143.948 92.813 355.267 147.253 113.036 307.632
000035_depth.png 122.201 120.597 440.664 136.898 96.225 427.423 142.310 83.001 412.324 136.134 105.639 357.025 133.240 114.263 341.745
000036_depth.png 121.658 120.720 425.799 136.765 96.987 412.600 142.506 83.298 397.678 135.479 107.983 341.609 132.331 113.682 326.966
000037_depth.png 121.964 121.809 424.165 136.335 100.113 410.824 142.415 84.602 395.908 136.176 110.515 338.497 131.973 116.716 324.936
000038_depth.png 122.499 122.820 423.621 136.958 100.065 410.617 142.750 85.079 395.763 135.332 111.820 339.030 131.957 117.350 324.798
000039_depth.png 122.903 122.652 424.553 137.336 101.041 411.708 143.100 86.277 396.721 135.906 112.569 339.559 131.640 118.058 325.794
000040_depth.png 121.617 122.630 422.493 136.124 100.609 409.824 142.107 85.882 394.750 134.141 112.364 338.511 130.374 117.620 323.863
000041_depth.png 127.031 120.089 427.667 134.655 102.005 413.685 140.269 87.374 398.050 134.310 112.479 341.131 130.861 117.745 326.974
000042_depth.png 120.550 123.972 426.641 134.862 99.843 389.672 140.017 86.291 395.560 132.456 113.845 341.659 129.100 117.596 326.591
000043_depth.png 125.330 121.162 424.588 133.266 101.449 410.047 139.280 86.870 395.062 132.979 112.632 339.241 129.756 117.011 324.326
000044_depth.png 120.766 124.001 422.804 134.454 100.427 412.059 139.128 86.442 396.011 133.205 111.845 341.168 126.744 118.055 324.884
000045_depth.png 123.469 118.364 426.177 133.852 100.597 411.985 139.666 86.585 395.791 132.016 111.965 340.121 127.471 117.517 324.893
000046_depth.png 123.233 119.014 424.406 134.252 100.220 409.579 138.719 87.110 393.759 131.521 112.187 338.404 126.655 117.715 322.934
000047_depth.png 123.094 119.123 422.422 134.687 100.456 407.519 138.811 87.290 391.933 131.787 112.181 336.702 126.313 117.939 320.886
000048_depth.png 120.534 119.680 424.693 134.163 98.813 410.996 139.030 85.868 393.499 129.112 110.763 339.790 124.619 118.426 322.951
000049_depth.png 126.361 110.032 419.380 133.568 98.036 421.816 139.529 87.580 399.843 123.878 100.739 343.094 121.535 117.346 306.772
000050_depth.png 124.371 117.534 434.234 134.156 98.704 419.127 140.181 87.790 398.023 124.728 100.335 341.575 120.698 118.361 303.049
000051_depth.png 121.772 116.227 431.674 133.285 106.444 413.600 140.872 86.861 396.995 124.816 99.682 340.889 120.064 119.017 302.121
000052_depth.png 120.304 116.292 431.645 133.146 106.501 413.602 142.084 86.505 396.964 124.440 99.685 341.153 118.348 119.225 302.481
000053_depth.png 134.137 128.586 450.941 136.732 102.134 406.182 140.965 89.092 403.165 125.312 100.376 361.858 114.534 122.939 310.835
000054_depth.png 135.134 127.485 448.740 138.494 102.154 406.208 142.268 88.976 403.105 127.071 100.765 362.231 114.777 123.499 311.242
000055_depth.png 135.722 126.949 435.461 139.139 101.508 402.244 142.944 86.642 382.677 125.921 99.188 341.544 114.847 123.979 304.959
000056_depth.png 137.728 128.545 445.003 143.682 103.562 394.724 143.470 86.759 397.074 123.458 98.034 342.104 113.380 121.276 293.976
000057_depth.png 138.611 128.608 441.468 142.690 100.829 415.667 145.233 87.662 394.685 126.167 95.824 337.020 115.056 125.159 300.203
000058_depth.png 139.371 128.618 447.320 144.571 101.040 427.231 146.240 88.408 400.491 128.866 97.285 353.241 116.269 126.046 300.673
000059_depth.png 148.890 132.592 470.037 147.400 101.180 436.195 146.591 90.109 411.221 127.697 95.614 364.393 116.771 124.742 312.779
000060_depth.png 149.812 132.667 469.468 148.977 100.343 435.068 147.581 89.298 410.402 128.704 95.039 363.428 115.917 125.204 311.980
000061_depth.png 150.282 132.457 468.877 150.075 100.206 435.212 149.684 88.847 410.305 131.470 94.481 363.354 116.700 125.117 311.822
000062_depth.png 151.277 132.683 467.356 152.365 100.551 432.908 150.702 89.473 408.311 132.547 94.033 361.261 117.315 125.824 309.892
000063_depth.png 151.687 133.103 465.643 152.908 99.787 430.964 152.019 88.817 406.741 133.668 94.109 359.232 115.067 126.231 307.122
000064_depth.png 151.840 133.408 462.921 152.228 100.045 428.006 152.405 88.010 403.780 133.501 94.874 356.350 115.282 125.987 304.408
000065_depth.png 151.812 133.453 470.716 153.149 100.801 436.020 151.928 89.703 411.405 133.937 95.168 364.188 114.920 126.375 312.159
000066_depth.png 151.812 133.669 468.555 153.244 101.189 434.080 151.852 90.181 409.408 133.455 95.432 362.058 116.183 126.451 310.569
000067_depth.png 151.492 134.002 473.631 152.768 101.539 438.924 152.367 90.067 414.247 132.898 96.334 366.911 116.951 126.619 315.672
000068_depth.png 151.717 133.595 468.412 153.187 101.777 434.285 151.920 90.280 409.875 132.484 98.162 362.293 115.072 127.013 310.081
000069_depth.png 151.482 133.412 466.813 153.701 104.108 433.659 151.858 92.959 408.718 130.148 102.230 361.664 115.561 127.246 309.042
000070_depth.png 149.449 132.457 458.233 150.641 107.092 433.097 152.051 90.534 405.660 127.328 106.103 356.327 116.686 126.610 305.468
000071_depth.png 147.457 131.699 452.541 148.638 107.856 430.356 150.315 90.439 398.873 125.174 108.070 353.668 115.115 127.263 306.079
000072_depth.png 147.500 134.930 455.221 149.010 110.353 429.334 150.475 92.100 401.800 124.666 110.496 352.103 113.856 128.786 301.255
000073_depth.png 147.188 137.530 462.145 149.482 111.711 436.926 148.787 92.653 407.023 124.634 111.746 357.099 113.760 130.528 306.169
000074_depth.png 148.480 138.325 452.528 147.422 111.678 427.351 148.787 93.048 399.740 122.534 112.926 350.034 112.389 129.900 299.518
000075_depth.png 150.875 138.495 445.058 147.566 111.528 426.262 148.800 93.013 398.710 122.373 114.393 348.976 112.760 129.907 298.913
000076_depth.png 147.022 128.295 438.743 146.914 104.627 420.442 144.621 91.854 396.482 118.542 120.998 347.299 110.704 130.652 320.487
000077_depth.png 146.391 128.377 434.922 145.536 105.326 415.894 143.356 90.736 386.624 117.144 121.917 340.125 110.692 130.613 316.284
000078_depth.png 147.058 129.526 442.134 146.031 103.741 418.344 143.237 91.424 396.499 117.670 122.423 346.801 110.332 130.890 320.927
000079_depth.png 146.577 129.822 440.164 145.425 105.527 422.394 143.379 92.023 398.565 117.707 121.966 349.040 109.976 131.060 322.877
000080_depth.png 145.506 130.007 438.836 144.845 104.914 420.874 141.848 91.898 397.483 117.267 124.048 347.863 109.736 131.667 321.777
000081_depth.png 154.497 113.830 406.574 151.256 103.390 415.075 139.682 92.796 389.044 116.550 129.144 341.082 113.764 134.979 330.018
000082_depth.png 146.268 132.315 439.184 144.864 108.160 422.338 141.980 93.910 398.454 118.138 126.073 349.044 110.262 134.332 323.572
000083_depth.png 153.835 115.706 407.580 150.441 105.077 416.453 138.697 93.852 390.118 114.430 131.970 341.896 111.591 136.903 330.665
000084_depth.png 154.382 116.388 405.593 150.086 105.056 413.639 138.306 93.988 388.120 113.217 132.974 339.890 110.758 138.797 329.117
000085_depth.png 153.804 117.474 403.709 150.338 105.951 412.090 137.470 95.110 386.108 111.975 133.938 337.712 109.967 139.921 327.003
000086_depth.png 150.001 116.932 407.059 148.498 106.224 416.666 132.323 94.921 389.023 110.972 137.046 340.805 104.997 141.530 329.646
000087_depth.png 150.795 116.854 390.717 146.691 106.092 415.000 133.730 96.605 391.018 109.749 137.075 343.863 106.204 142.340 328.731
000088_depth.png 150.300 118.397 406.548 148.414 107.517 416.543 133.013 96.666 389.044 108.756 137.634 341.095 105.547 142.693 330.571
000089_depth.png 148.890 117.277 402.350 146.949 104.979 401.560 131.955 95.511 378.645 107.013 140.465 330.018 105.071 142.966 333.844
000090_depth.png 148.977 118.234 405.310 147.468 107.513 415.108 131.182 96.708 388.021 109.267 139.416 339.700 103.851 143.978 330.029
000091_depth.png 148.158 118.102 404.482 146.750 106.582 413.472 131.345 95.465 386.990 108.808 139.478 338.908 102.742 144.192 328.417
000092_depth.png 148.609 117.908 404.323 146.910 107.167 414.199 130.456 96.617 387.051 106.589 138.786 338.319 102.742 143.986 328.891
000093_depth.png 147.439 118.273 402.700 146.294 106.523 411.348 130.988 95.223 384.983 107.479 139.497 337.065 101.458 144.096 325.772
000094_depth.png 155.926 125.536 440.096 148.250 105.344 409.281 132.793 95.616 386.690 107.345 131.203 346.878 101.176 143.704 336.448
000095_depth.png 151.118 117.347 402.349 146.909 106.517 408.793 131.795 96.749 384.850 106.680 138.459 333.961 101.879 144.372 327.141
000096_depth.png 150.704 116.970 397.164 148.947 106.337 406.753 131.511 95.853 380.035 106.114 138.548 328.965 101.904 144.459 321.984
000097_depth.png 152.060 115.783 403.139 149.802 105.829 412.379 133.205 95.676 386.363 107.048 136.146 335.245 102.128 143.706 327.752
000098_depth.png 161.269 124.195 437.656 153.453 102.804 408.385 138.076 92.975 385.691 108.238 125.462 347.292 101.686 142.682 333.615
000099_depth.png 165.408 122.133 426.210 152.600 98.398 391.238 136.331 89.618 372.508 106.369 126.347 341.346 100.765 142.917 327.088
000100_depth.png 165.858 125.213 439.320 155.515 104.285 411.786 138.457 94.178 389.721 108.518 124.155 352.481 100.677 144.861 337.926
000101_depth.png 168.072 126.087 432.417 157.000 104.740 405.216 139.145 94.729 383.748 108.625 124.635 346.867 101.073 146.057 332.891
000102_depth.png 171.085 126.142 431.094 159.032 104.604 403.052 141.107 94.304 382.208 109.109 121.778 345.878 100.965 147.928 331.781
000103_depth.png 175.633 127.922 427.034 160.649 103.689 397.442 142.913 91.799 379.633 112.882 118.246 364.977 102.262 150.802 346.348
000104_depth.png 177.768 127.546 424.483 163.437 103.082 394.982 146.187 90.096 377.455 116.169 115.150 362.975 103.090 151.826 344.937
000105_depth.png 179.889 118.050 401.478 161.831 96.350 377.441 147.252 85.168 363.135 118.463 110.433 363.971 101.301 152.503 341.543
000106_depth.png 181.034 126.822 425.999 167.929 102.063 396.521 151.841 86.994 379.541 121.661 107.199 365.031 103.287 153.155 345.507
000107_depth.png 183.203 123.192 431.109 169.358 98.351 397.053 153.772 85.028 378.782 124.106 106.549 364.032 104.555 154.066 344.605
000108_depth.png 186.215 116.169 431.000 168.028 92.033 399.094 157.458 82.829 382.000 126.813 104.762 362.001 108.061 154.151 347.005
000109_depth.png 188.806 117.186 427.835 171.783 93.752 401.474 159.257 81.343 380.986 130.072 103.273 366.039 107.206 152.533 348.084
000110_depth.png 190.252 113.642 395.073 171.627 91.711 373.697 160.328 81.043 367.975 129.620 102.108 357.190 107.409 152.483 338.237
000111_depth.png 192.228 114.998 430.402 174.077 89.715 398.838 162.471 80.031 380.204 130.107 101.151 367.546 110.057 152.361 352.496
000112_depth.png 194.761 114.695 427.953 175.404 89.714 397.263 164.448 79.380 378.049 132.416 100.630 365.653 111.507 152.858 350.639
000113_depth.png 195.633 112.885 406.608 176.014 89.902 387.757 164.687 79.408 368.561 131.523 100.787 355.329 111.658 151.902 341.480
000114_depth.png 195.886 114.662 427.306 176.746 90.197 396.155 165.469 80.433 377.373 132.674 102.839 364.482 113.900 151.012 349.520
000115_depth.png 193.795 121.114 428.854 179.908 95.835 394.881 164.495 81.692 376.812 131.674 105.876 362.337 112.104 149.977 342.866
000116_depth.png 197.853 113.508 427.588 177.846 90.754 396.249 166.064 82.526 377.709 132.441 108.355 364.551 116.114 149.707 349.376
000117_depth.png 196.966 116.262 425.428 179.895 91.289 394.802 165.050 79.866 376.404 130.320 112.949 375.591 116.908 147.594 355.132
000118_depth.png 197.200 116.531 421.134 179.835 91.655 390.709 163.779 80.897 372.293 130.039 114.432 371.613 117.514 146.688 351.110
000119_depth.png 196.157 113.334 396.430 176.435 88.725 367.889 160.560 79.812 358.723 126.343 116.802 362.756 116.849 144.179 348.765
000120_depth.png 196.304 116.742 420.482 178.001 93.267 390.643 160.624 82.983 372.580 127.648 119.651 370.376 118.724 144.268 351.312
000121_depth.png 196.676 117.933 420.273 179.464 95.006 390.777 159.859 85.029 372.621 128.703 123.735 370.281 120.781 144.829 351.298
000122_depth.png 196.031 116.750 414.381 176.743 94.758 385.242 157.844 86.012 366.881 127.605 124.606 364.559 121.125 144.271 345.215
000123_depth.png 196.036 115.833 416.626 175.906 94.801 388.375 156.578 86.359 369.980 126.898 125.529 367.477 121.029 143.355 348.662
000124_depth.png 196.952 113.935 413.780 176.410 94.919 391.873 155.245 88.765 369.287 126.299 143.184 358.896 123.840 144.561 361.406
000125_depth.png 195.694 116.367 415.626 175.276 96.122 387.344 155.838 88.078 368.955 127.637 128.076 366.992 122.958 143.460 348.117
000126_depth.png 195.966 114.223 419.582 174.944 95.617 397.370 153.292 90.031 375.244 127.250 144.495 364.855 125.670 143.723 368.487
000127_depth.png 196.205 112.215 388.600 172.186 91.486 364.208 152.210 86.147 356.447 126.368 140.466 352.841 127.343 143.298 364.834
000128_depth.png 195.012 116.717 416.676 174.987 96.142 388.526 153.187 90.411 371.213 125.913 139.714 363.029 125.659 143.825 363.426
000129_depth.png 196.170 115.201 410.970 174.667 96.659 388.812 153.416 90.784 366.318 125.908 140.146 358.238 126.009 143.607 358.839
000130_depth.png 194.492 116.289 416.906 173.984 96.351 388.858 152.186 91.272 371.319 126.001 140.648 363.329 125.843 144.267 364.166
000131_depth.png 194.616 116.405 414.623 172.596 96.708 386.893 152.601 90.515 369.391 126.295 139.905 361.451 127.488 144.129 363.313
000132_depth.png 193.971 117.072 421.379 173.009 97.419 393.880 152.598 91.582 376.361 126.323 140.643 368.408 126.413 144.280 368.618
000133_depth.png 194.030 116.647 417.704 172.072 96.902 390.269 151.833 91.371 372.390 125.739 140.723 364.298 125.593 144.249 364.468
000134_depth.png 194.092 116.678 417.682 172.033 96.983 390.263 151.899 91.424 372.402 126.011 140.837 364.328 126.008 144.338 364.695
000135_depth.png 194.022 116.644 417.706 172.075 96.905 390.270 151.829 91.380 372.387 125.715 140.725 364.301 125.594 144.241 364.458
000136_depth.png 193.289 117.337 419.079 171.609 96.987 390.997 151.193 91.173 373.419 125.144 139.394 365.735 125.300 143.884 366.179
000137_depth.png 194.249 116.755 417.434 171.918 96.718 390.237 151.849 90.926 372.375 124.934 139.010 364.256 126.067 144.129 364.821
000138_depth.png 195.675 112.924 410.031 171.801 94.014 389.730 150.419 86.736 370.669 126.232 128.686 376.875 121.501 144.177 359.392
000139_depth.png 195.703 115.078 411.008 172.352 95.429 390.878 151.725 87.241 371.636 126.744 127.131 377.151 120.883 144.395 359.493
000140_depth.png 195.614 114.145 413.922 172.378 94.844 393.503 151.810 86.589 374.755 124.454 124.576 378.696 118.967 146.197 361.986
000141_depth.png 195.689 114.111 392.943 171.256 93.054 372.000 152.089 85.249 363.004 122.526 121.799 372.604 118.620 146.367 360.561
000142_depth.png 196.667 115.018 410.398 173.812 94.523 389.667 153.371 86.113 372.039 129.094 121.593 381.779 117.392 147.112 359.615
000143_depth.png 197.574 115.447 416.740 175.168 92.611 391.760 157.710 84.654 375.882 129.565 115.771 381.000 117.157 149.260 355.282
000144_depth.png 200.193 113.875 396.664 175.491 92.189 379.623 158.322 82.804 368.205 129.990 114.024 375.114 116.284 148.299 351.529
000145_depth.png 202.133 114.874 414.414 177.974 92.123 390.421 159.490 82.257 373.957 133.276 116.484 379.800 119.129 148.732 354.101
000146_depth.png 202.778 115.330 418.545 179.285 92.314 393.771 161.741 82.505 377.988 133.458 113.710 383.886 120.556 147.811 358.104
000147_depth.png 204.508 114.867 425.185 180.898 91.670 400.449 163.348 82.319 384.973 135.470 112.709 390.769 121.113 147.650 364.352
000148_depth.png 205.424 114.219 417.360 182.186 90.782 392.845 163.332 80.670 376.981 135.671 114.401 382.909 122.893 146.163 357.119
000149_depth.png 205.686 114.518 411.379 182.064 90.655 386.800 162.882 80.424 370.984 136.078 114.794 377.272 122.699 146.011 351.672
000150_depth.png 207.881 110.047 397.999 181.101 87.520 378.940 161.198 79.774 369.146 137.387 114.744 387.807 124.959 147.507 382.521
000151_depth.png 207.935 109.985 396.957 180.997 87.367 377.935 161.267 79.535 368.136 137.311 114.723 386.893 124.718 147.474 381.806
000152_depth.png 208.959 108.320 391.868 181.491 86.046 372.943 161.425 78.161 363.040 137.550 113.509 382.461 125.808 145.654 377.392
000153_depth.png 209.819 107.416 389.877 180.785 84.823 370.890 160.277 76.746 360.942 137.728 112.843 380.921 126.226 145.003 375.412
000154_depth.png 208.050 106.384 388.724 180.568 84.742 369.988 159.677 77.496 360.100 136.541 111.954 379.138 125.714 144.672 374.961
000155_depth.png 211.646 104.555 367.489 181.594 82.291 354.917 161.129 76.746 353.311 137.502 111.067 373.610 128.152 143.714 369.607
000156_depth.png 211.413 105.866 385.809 182.836 83.081 366.926 162.366 76.225 356.991 139.404 112.571 376.463 129.945 143.206 371.883
000157_depth.png 212.883 105.271 391.557 184.267 83.844 372.922 163.441 77.067 363.225 139.469 113.109 381.373 130.875 142.985 378.001
000158_depth.png 213.064 106.128 391.858 184.323 83.879 372.925 163.469 76.987 363.248 139.374 114.406 381.536 130.884 143.055 378.171
000159_depth.png 213.298 107.297 388.922 184.324 83.660 369.925 163.373 76.764 360.277 140.373 114.283 378.701 135.260 145.769 378.655
000160_depth.png 213.132 106.058 390.858 184.456 83.902 371.906 163.483 77.069 362.280 145.184 114.875 383.962 134.890 141.801 379.426
000161_depth.png 211.640 105.912 390.922 182.863 82.489 371.918 162.002 75.554 362.267 139.433 114.406 380.483 135.558 142.757 380.481
000162_depth.png 210.610 107.320 390.827 181.973 82.217 370.797 161.521 75.737 361.113 139.434 114.625 380.442 134.163 141.602 378.733
000163_depth.png 210.827 104.109 389.217 181.615 80.726 370.149 160.814 74.425 360.266 138.384 114.287 378.637 134.678 140.024 377.784
000164_depth.png 212.717 101.963 382.786 184.704 81.437 369.218 162.408 74.950 363.019 138.674 115.763 379.014 135.605 136.650 372.197
000165_depth.png 213.562 101.640 389.486 186.576 82.234 374.419 163.000 76.130 367.303 144.248 118.452 384.778 137.281 135.836 376.888
000166_depth.png 213.439 98.629 366.864 183.800 78.230 353.222 161.214 73.632 352.816 137.839 120.096 371.599 136.325 134.062 362.758
000167_depth.png 213.031 100.112 384.824 184.758 81.080 369.518 161.713 74.740 362.780 139.513 120.540 373.384 137.989 135.672 373.122
000168_depth.png 213.010 100.955 384.002 184.851 82.000 369.005 160.712 76.722 360.280 141.409 124.423 380.007 141.519 137.262 379.259
000169_depth.png 212.900 101.107 383.231 184.691 82.108 371.082 160.705 76.667 356.049 142.024 125.308 379.024 140.950 136.490 377.559
000170_depth.png 213.149 100.290 385.679 184.876 81.830 370.716 160.736 76.743 363.689 146.475 121.652 381.497 138.259 135.712 374.072
000171_depth.png 213.117 100.267 385.706 184.864 81.843 370.698 160.727 76.715 363.667 146.386 121.612 381.594 138.268 135.682 374.092
000172_depth.png 212.352 104.194 389.471 183.010 81.678 368.743 158.813 77.143 358.766 137.880 131.096 379.416 137.894 133.915 370.484
000173_depth.png 212.084 104.425 393.458 182.988 82.283 372.705 159.174 77.830 362.730 138.357 131.045 383.466 138.366 134.312 373.781
000174_depth.png 212.203 102.942 402.933 182.614 83.141 384.416 158.467 78.511 373.696 139.009 131.851 395.440 139.197 136.612 385.152
000175_depth.png 212.023 101.235 374.630 180.953 80.851 353.575 157.424 77.280 350.985 138.847 131.783 374.420 139.047 135.889 369.745
000176_depth.png 211.829 105.530 389.546 182.329 83.930 368.591 158.945 79.970 358.731 138.484 132.733 379.401 138.405 136.074 369.749
000177_depth.png 212.070 104.404 391.396 182.743 83.681 371.024 159.176 79.893 360.708 139.045 132.741 381.472 138.985 135.957 371.962
000178_depth.png 211.726 105.712 392.561 182.364 84.431 371.613 159.244 80.542 361.764 138.894 132.705 382.417 138.835 136.233 372.588
000179_depth.png 210.860 104.467 394.233 180.929 84.342 375.832 157.586 79.839 364.653 137.927 132.048 385.428 137.996 138.491 376.177
000180_depth.png 209.475 104.486 396.932 180.089 84.418 377.841 157.384 79.758 366.608 136.662 131.000 386.773 136.692 138.623 377.922
000181_depth.png 209.628 105.976 393.419 180.422 84.536 372.900 158.086 79.715 362.700 135.685 138.554 377.752 135.168 141.190 375.677
000182_depth.png 208.347 104.388 385.074 178.952 82.487 365.893 158.359 75.288 356.087 136.259 117.409 373.326 127.003 138.270 370.673
000183_depth.png 206.730 104.140 384.191 178.316 81.292 365.007 158.406 73.981 355.163 136.142 115.827 372.259 125.574 138.684 369.200
000184_depth.png 205.540 103.265 384.834 178.204 80.662 365.003 158.705 73.194 355.274 136.167 114.282 372.189 124.084 138.940 368.954
000185_depth.png 204.518 104.597 387.556 179.677 80.208 366.103 159.941 71.997 356.087 136.605 112.679 372.910 122.920 139.217 369.402
000186_depth.png 198.557 111.184 406.924 181.112 85.975 375.848 162.537 74.712 353.968 134.251 109.250 357.300 120.361 137.836 328.615
000187_depth.png 198.803 108.750 385.939 182.146 84.401 361.796 163.894 72.576 343.364 135.295 107.166 345.273 118.663 134.631 322.361
000188_depth.png 196.995 111.130 407.903 183.499 85.168 377.055 166.961 72.485 354.814 137.185 104.312 357.249 120.386 134.605 329.370
000189_depth.png 194.735 110.559 385.620 185.452 87.791 377.599 168.215 71.923 349.314 138.387 104.447 345.411 117.215 129.924 313.591
000190_depth.png 194.734 110.457 384.329 185.346 87.568 376.548 170.412 70.912 348.066 138.357 104.304 344.243 116.864 128.420 312.288
000191_depth.png 194.681 110.452 385.327 185.357 87.673 377.741 170.699 70.975 349.088 138.211 104.094 345.363 117.550 128.218 312.983
000192_depth.png 194.565 110.085 384.272 184.588 85.403 357.475 169.115 70.824 342.767 137.378 104.177 345.611 117.822 126.989 312.673
000193_depth.png 195.408 112.362 416.053 183.361 83.881 379.307 167.601 71.820 352.806 136.470 101.970 344.677 122.514 127.215 332.781
000194_depth.png 195.351 112.434 417.105 183.316 84.141 380.304 167.604 71.951 353.801 135.108 106.693 346.352 123.312 126.610 333.891
000195_depth.png 195.421 113.150 415.731 182.350 84.636 377.837 166.530 72.481 351.851 134.257 110.883 344.327 126.474 125.027 331.935
000196_depth.png 195.905 109.725 393.061 182.084 83.734 356.373 166.834 73.378 349.130 132.965 113.274 338.170 128.692 123.421 329.066
000197_depth.png 195.286 113.138 414.918 182.874 85.386 377.768 166.720 73.159 351.021 133.593 115.355 342.888 131.508 124.040 331.106
000198_depth.png 196.708 113.190 413.035 183.765 85.621 376.280 167.387 73.483 349.215 134.655 115.609 340.849 131.681 123.684 329.003
000199_depth.png 195.221 114.311 412.510 182.930 85.799 374.636 166.025 74.172 348.349 134.699 115.764 339.869 131.765 123.703 328.046
000200_depth.png 196.195 114.368 413.711 182.821 86.281 375.326 166.064 74.635 349.427 136.172 116.428 340.821 133.085 123.693 329.077
000201_depth.png 193.476 113.608 416.306 182.147 86.014 378.781 165.487 75.743 352.621 135.197 116.687 343.986 132.133 125.223 331.967
000202_depth.png 193.070 112.807 416.444 180.902 85.635 377.794 165.403 75.196 352.531 135.346 116.820 344.241 130.609 125.359 331.921
000203_depth.png 193.668 114.319 415.788 181.379 86.531 377.434 164.626 75.095 351.451 134.247 116.932 343.053 130.749 125.067 331.075
000204_depth.png 193.430 114.365 417.870 180.920 86.760 379.325 164.296 75.601 353.530 133.725 116.422 344.921 130.609 125.329 332.956
000205_depth.png 193.023 114.340 420.605 180.960 87.173 382.119 164.377 76.179 356.577 134.105 116.507 348.160 129.699 125.338 335.760
000206_depth.png 192.245 115.401 418.797 180.576 86.929 379.860 164.034 75.176 354.480 133.141 116.339 346.022 129.889 125.247 333.775
000207_depth.png 191.480 114.499 428.428 179.651 87.492 390.208 164.328 75.865 364.369 132.960 112.280 355.767 126.290 127.620 343.358
000208_depth.png 194.998 112.885 420.990 179.141 86.360 385.330 164.986 73.487 357.831 136.149 104.512 349.538 125.368 125.156 338.164
000209_depth.png 194.937 112.931 423.903 180.728 85.850 386.960 166.426 73.615 360.789 136.975 103.159 352.727 124.796 125.515 340.856
000210_depth.png 193.901 113.141 419.333 180.957 85.129 381.799 167.066 72.783 355.610 137.586 101.401 347.415 123.002 126.239 335.307
000211_depth.png 192.226 116.445 399.840 180.277 87.361 358.699 167.452 74.398 345.551 136.398 100.751 334.240 117.040 127.621 305.018
000212_depth.png 190.758 116.295 403.055 180.373 88.685 378.185 168.916 74.069 356.254 138.078 99.242 347.147 117.101 127.193 313.956
000213_depth.png 189.049 116.660 402.965 174.655 89.467 376.301 170.155 73.733 355.372 139.290 98.039 346.372 118.500 126.110 313.214
000214_depth.png 187.195 117.392 427.068 179.931 87.569 386.393 171.259 73.433 360.264 140.923 98.140 352.748 122.552 125.783 340.416
000215_depth.png 186.656 117.792 416.506 178.104 85.918 374.637 171.253 74.405 348.114 141.659 96.875 340.895 124.422 123.597 328.321
000216_depth.png 166.328 113.561 398.796 171.179 97.384 398.356 173.456 78.382 365.810 145.628 95.823 334.706 122.669 120.465 285.662
000217_depth.png 166.906 113.476 402.114 171.779 97.640 401.580 173.344 78.459 369.140 146.661 96.064 337.791 123.732 120.318 288.160
000218_depth.png 167.360 113.044 401.043 172.324 97.624 400.730 173.332 78.384 368.150 146.668 96.287 336.845 125.069 119.250 287.086
000219_depth.png 169.997 112.125 404.562 173.344 96.398 403.282 174.650 77.630 370.124 147.790 94.422 338.627 128.281 116.812 288.690
000220_depth.png 170.574 111.757 404.196 173.382 96.530 403.465 174.677 77.687 370.095 147.483 94.152 338.561 128.803 116.001 288.736
000221_depth.png 170.868 110.837 399.050 173.066 95.534 392.799 174.522 77.349 366.587 146.477 94.046 337.865 128.486 115.404 287.014
000222_depth.png 171.733 112.127 401.884 173.455 95.997 400.436 174.853 77.455 368.081 149.346 95.721 336.760 128.926 115.332 286.762
000223_depth.png 170.843 112.324 400.465 173.978 96.170 398.447 174.775 77.355 366.096 149.130 95.378 334.724 130.090 114.680 284.758
000224_depth.png 171.618 112.196 399.107 173.508 95.977 397.568 174.770 77.144 365.104 149.163 96.902 333.735 130.937 114.167 283.653
000225_depth.png 172.047 113.429 401.495 173.116 97.455 401.093 174.886 77.620 367.071 149.435 100.207 335.651 132.711 113.809 285.828
000226_depth.png 179.071 103.997 387.020 177.411 94.653 393.157 175.412 76.253 361.533 141.411 105.150 327.931 136.598 113.666 306.305
000227_depth.png 179.767 105.203 385.414 178.187 95.950 392.327 175.437 76.960 359.714 142.471 105.757 325.937 137.578 114.013 304.733
000228_depth.png 179.781 105.322 388.726 178.171 96.159 395.323 175.396 77.499 362.757 142.450 105.698 328.889 137.938 114.556 307.391
000229_depth.png 180.266 105.762 387.035 177.016 97.295 394.687 174.422 77.723 362.070 143.198 106.707 327.834 137.549 114.678 306.698
000230_depth.png 179.843 105.101 388.510 177.465 96.243 395.733 174.128 77.257 363.007 142.766 104.735 328.875 137.909 113.109 307.549
000231_depth.png 178.186 104.604 388.062 175.133 95.935 395.736 172.609 76.625 363.141 141.157 105.688 328.823 136.091 113.433 307.560
000232_depth.png 176.797 103.033 373.051 173.640 95.058 378.457 171.776 75.067 348.720 139.074 108.833 325.218 135.595 113.830 307.704
000233_depth.png 175.031 107.025 393.296 172.311 98.668 401.846 169.457 79.761 368.030 139.821 107.469 333.902 134.119 116.670 312.280
000234_depth.png 173.783 106.072 392.862 170.572 98.145 401.681 166.984 78.418 368.298 137.201 109.241 333.685 133.036 115.142 312.704
000235_depth.png 173.184 105.904 390.808 169.601 97.922 399.586 167.945 78.478 366.172 136.400 109.077 331.716 132.764 115.416 310.649
000236_depth.png 173.200 105.917 390.834 169.574 97.931 399.601 166.394 78.641 366.196 136.264 109.063 331.692 132.377 115.411 310.529
000237_depth.png 172.921 104.586 387.976 169.593 96.544 396.903 166.505 77.420 364.241 137.866 109.049 329.507 135.008 115.713 308.592
000238_depth.png 172.503 105.216 390.110 170.458 96.316 397.549 166.068 77.932 365.090 140.688 105.687 330.879 137.063 116.712 310.761
000239_depth.png 174.791 103.945 389.823 171.908 94.881 397.208 167.706 76.920 365.151 145.469 106.405 330.965 143.105 114.946 310.942
000240_depth.png 176.125 103.154 384.999 172.875 94.249 392.812 169.218 76.858 361.073 148.946 106.222 327.096 148.474 114.919 307.102
000241_depth.png 177.219 103.270 386.314 174.472 94.662 394.527 170.024 77.190 362.102 151.392 106.823 327.056 150.843 113.330 308.477
000242_depth.png 143.233 115.900 401.183 162.524 92.204 376.895 170.426 75.747 344.009 157.013 106.488 312.105 158.318 114.733 281.504
000243_depth.png 143.227 117.846 411.225 162.711 92.598 382.033 170.796 77.302 358.438 159.606 104.618 305.481 161.092 114.687 279.081
000244_depth.png 142.529 119.379 413.558 163.008 93.134 384.122 170.903 78.025 360.546 162.133 104.846 306.853 163.990 114.503 281.030
000245_depth.png 142.337 120.207 413.500 164.782 92.970 384.278 171.312 78.012 360.650 163.266 104.322 307.188 164.906 114.087 280.945
000246_depth.png 141.016 121.531 412.191 164.136 92.843 384.308 170.989 78.288 360.661 162.504 104.555 307.318 164.084 115.007 281.154
000247_depth.png 139.772 120.203 403.997 159.913 90.912 382.915 168.338 77.686 354.187 161.371 108.585 292.248 162.526 117.582 282.008
000248_depth.png 139.746 120.208 403.908 159.906 90.946 382.891 168.325 77.721 354.132 161.381 108.604 292.054 162.551 117.560 281.995
000249_depth.png 139.914 120.886 403.714 159.906 91.003 382.885 168.322 77.843 354.167 161.376 108.636 291.995 162.546 117.629 281.979
000250_depth.png 138.909 121.108 403.719 159.363 90.838 382.874 167.632 78.002 354.207 160.550 108.449 291.993 162.245 117.951 282.075
000251_depth.png 141.873 132.659 411.386 158.736 92.585 382.949 167.472 79.132 354.460 160.478 109.323 292.757 162.210 119.088 281.968
000252_depth.png 139.263 119.676 404.006 157.471 91.445 382.981 165.953 77.807 354.162 157.864 109.217 291.209 159.662 118.426 281.960
000253_depth.png 138.099 119.023 399.674 157.761 93.216 384.401 166.429 80.114 357.205 157.744 110.022 297.038 160.499 120.369 277.621
000254_depth.png 138.236 119.361 401.038 158.877 92.761 380.586 167.544 78.271 348.076 156.403 112.840 299.969 158.218 118.053 275.925
000255_depth.png 139.810 118.862 402.952 157.305 92.783 382.988 166.068 78.832 354.432 156.297 110.761 291.444 157.231 120.139 281.905
000256_depth.png 138.068 119.634 402.213 155.819 92.869 384.117 164.873 80.007 355.051 154.450 110.396 291.657 156.761 120.686 280.376
000257_depth.png 136.821 118.852 401.548 155.797 92.754 383.002 164.583 79.142 354.522 154.298 110.491 291.825 155.602 120.196 281.931
000258_depth.png 137.578 118.058 405.846 155.023 91.604 381.670 163.961 79.311 354.101 153.362 108.941 289.671 155.541 120.027 279.592
000259_depth.png 137.196 117.920 401.010 154.911 91.854 380.573 164.054 79.523 353.079 153.461 109.020 288.135 155.772 120.239 281.150
000260_depth.png 137.478 118.836 406.057 154.869 92.369 377.297 163.774 78.501 354.040 152.918 110.293 291.077 155.502 120.654 283.795
000261_depth.png 146.414 121.116 395.822 153.073 92.267 376.925 162.156 78.007 348.522 151.370 109.875 286.373 152.949 120.717 275.908
000262_depth.png 136.024 118.756 396.368 154.373 90.175 371.203 161.151 77.310 349.211 150.380 111.628 294.718 149.427 117.286 271.133
000263_depth.png 139.109 130.543 405.383 153.917 89.598 374.998 161.435 76.876 352.987 150.680 108.862 291.786 148.575 118.435 274.902
000264_depth.png 139.751 130.538 405.426 153.171 89.672 375.008 162.259 76.487 352.906 149.817 109.039 291.950 148.386 118.915 274.987
000265_depth.png 138.381 130.540 405.418 152.925 88.876 374.965 160.607 75.709 352.668 149.516 107.604 291.582 147.684 118.318 274.935
000266_depth.png 138.617 128.061 406.664 151.268 89.802 374.814 160.969 76.778 352.973 147.992 107.492 292.394 147.883 119.558 274.898
000267_depth.png 138.903 128.014 406.617 151.716 90.266 374.843 160.969 76.966 353.011 148.139 108.772 292.357 147.878 121.071 274.900
000268_depth.png 138.788 129.729 406.192 151.432 93.156 374.617 160.959 79.172 353.140 147.998 110.425 292.349 147.681 125.440 274.900
000269_depth.png 138.121 131.491 406.126 150.688 94.310 374.238 160.862 79.913 353.272 147.772 110.742 292.499 147.338 127.198 274.874
000270_depth.png 138.160 132.294 405.683 150.024 95.095 373.795 159.359 81.060 353.356 147.913 110.741 292.795 146.484 128.704 274.927
000271_depth.png 139.375 134.405 406.127 146.700 96.868 372.951 156.105 81.819 353.158 144.454 110.779 292.816 143.434 132.115 274.664
000272_depth.png 136.636 118.404 374.897 146.185 90.236 344.223 149.537 69.093 314.121 141.509 115.276 262.202 144.867 137.175 240.166
000273_depth.png 136.550 118.354 374.660 145.766 90.239 343.955 149.382 69.071 313.784 141.459 115.203 262.034 144.553 138.500 239.715
000274_depth.png 134.998 118.262 374.737 144.866 89.299 343.715 148.376 68.148 313.029 139.873 114.527 263.496 143.390 138.498 240.099
000275_depth.png 131.815 121.154 367.077 144.450 88.316 336.611 147.322 67.117 304.438 136.751 116.085 270.628 141.514 136.195 246.070
000276_depth.png 134.022 116.488 374.547 143.902 88.408 343.846 147.195 66.798 312.684 138.716 113.554 262.851 142.011 136.759 240.453
000277_depth.png 133.883 116.446 374.494 143.979 88.756 344.038 147.207 66.836 312.860 138.567 113.556 263.087 141.437 137.098 240.768
000278_depth.png 141.078 108.458 367.324 144.492 90.234 368.714 147.618 71.529 329.769 137.861 118.500 281.387 135.694 130.387 260.370
000279_depth.png 141.203 109.115 367.856 144.611 90.144 368.952 147.466 71.349 329.867 137.708 119.014 281.630 135.380 128.838 260.471
000280_depth.png 141.234 109.452 367.870 144.746 90.316 368.826 147.215 71.210 329.796 137.875 119.483 280.742 136.275 128.968 260.349
000281_depth.png 142.527 108.429 360.711 145.898 88.430 351.666 148.193 70.475 320.239 139.234 120.302 282.643 137.234 127.917 259.265
000282_depth.png 143.062 109.480 367.572 146.435 90.449 368.829 148.426 71.495 329.420 139.570 119.767 280.190 137.874 128.515 260.340
000283_depth.png 142.903 110.699 368.416 147.351 92.010 370.778 148.194 72.706 329.239 139.502 120.492 279.648 138.195 128.708 260.374
000284_depth.png 142.947 110.437 367.430 149.538 92.336 370.765 151.489 86.600 327.894 139.538 120.527 279.481 138.188 130.335 260.034
000285_depth.png 142.908 112.398 368.380 149.310 93.447 371.216 149.524 74.550 329.142 139.578 122.284 279.534 138.703 129.820 260.251
000286_depth.png 144.223 112.478 367.812 149.244 95.052 371.485 147.057 78.915 327.952 140.867 123.462 279.549 139.338 130.856 260.330
000287_depth.png 143.192 113.107 367.368 149.752 95.677 371.432 147.868 79.714 327.885 140.814 123.720 279.644 139.755 131.351 260.332
000288_depth.png 142.469 115.993 369.934 149.341 95.425 371.426 151.311 89.279 328.003 139.408 123.693 279.334 138.522 133.554 260.058
000289_depth.png 143.559 113.176 367.936 148.576 95.536 371.368 147.023 76.807 328.845 139.845 123.776 279.406 138.296 131.683 260.330
000290_depth.png 146.437 112.164 365.733 149.922 94.439 371.180 148.013 78.308 328.144 141.508 122.963 279.561 139.863 131.942 260.299
000291_depth.png 143.957 112.901 313.587 150.397 94.955 370.240 149.453 80.694 348.006 140.558 123.237 320.995 140.310 133.066 275.551
000292_depth.png 143.893 112.375 313.924 150.312 94.486 370.807 149.564 80.076 349.866 140.552 123.238 308.498 140.694 133.192 281.027
000293_depth.png 143.982 112.937 318.586 150.258 94.262 376.772 149.951 79.838 352.420 140.514 123.312 309.858 140.375 133.062 276.814
000294_depth.png 141.911 114.922 370.094 151.371 91.948 370.570 149.817 78.822 327.655 140.542 121.924 281.156 139.215 131.582 260.522
000295_depth.png 159.036 124.224 402.205 156.867 100.442 383.595 154.425 79.064 345.813 138.640 108.099 295.271 134.421 130.544 262.768
000296_depth.png 159.467 124.094 415.623 158.389 99.232 396.199 157.797 79.397 358.965 139.334 105.203 309.428 132.631 130.506 276.172
000297_depth.png 153.113 124.106 395.901 158.370 99.413 378.194 158.031 79.945 345.035 134.861 106.692 305.546 129.391 132.422 277.080
000298_depth.png 155.063 126.501 410.417 160.144 100.903 397.135 160.013 80.529 359.339 138.120 107.518 310.927 128.182 133.757 276.804
000299_depth.png 159.057 128.828 409.801 161.687 101.253 396.845 161.704 80.655 359.348 138.238 107.512 310.977 126.632 135.534 276.990
000300_depth.png 170.686 114.377 383.259 171.710 100.893 380.990 164.476 79.902 352.239 134.566 107.643 309.736 124.327 136.673 287.582
000301_depth.png 170.464 113.720 383.659 171.226 100.703 380.410 163.642 76.656 337.042 131.540 108.053 303.034 122.791 135.738 287.970
000302_depth.png 174.030 109.500 398.819 171.940 85.522 370.801 162.186 73.129 342.927 131.924 109.024 308.201 123.361 136.243 293.973
000303_depth.png 176.303 109.839 348.581 173.462 86.981 361.841 163.387 72.304 346.026 133.050 109.418 304.910 121.160 136.610 281.435
000304_depth.png 175.938 109.647 400.022 174.615 84.774 371.122 162.734 72.363 344.649 131.875 110.063 309.372 121.924 137.201 294.858
000305_depth.png 176.509 111.386 402.447 174.602 85.942 372.811 162.897 73.527 346.882 132.650 111.974 311.411 120.898 138.762 296.559
000306_depth.png 176.228 110.139 386.958 174.375 84.367 356.391 161.728 70.519 327.278 127.407 114.228 290.727 120.216 137.330 288.526
000307_depth.png 177.656 111.619 403.345 175.709 85.680 373.490 162.174 73.643 348.250 132.151 113.660 312.476 120.810 137.924 297.603
000308_depth.png 179.324 111.085 400.473 176.544 85.053 370.118 164.140 73.697 346.285 135.187 113.326 310.431 121.515 137.730 295.536
000309_depth.png 179.294 111.437 402.902 176.753 85.103 372.113 164.248 74.050 348.219 135.844 113.385 312.403 122.484 137.871 297.673
000310_depth.png 174.846 112.384 406.923 175.469 85.877 367.699 161.229 74.784 340.419 132.721 120.628 308.552 125.615 137.415 300.100
000311_depth.png 174.743 111.150 400.560 174.923 84.231 358.364 159.770 72.585 332.460 129.577 127.527 293.506 126.574 134.403 297.517
000312_depth.png 181.449 107.429 363.696 174.180 84.983 367.000 158.567 76.609 341.927 130.968 123.138 302.755 129.720 133.395 306.791
000313_depth.png 186.256 111.741 401.593 177.500 116.589 364.153 158.627 76.699 341.019 131.298 124.617 325.158 129.503 133.556 318.693
000314_depth.png 187.354 106.224 370.395 174.509 84.940 371.000 158.684 76.177 338.329 131.470 124.974 301.639 129.501 134.598 303.498
000315_depth.png 185.818 106.174 360.000 175.270 85.693 368.287 157.991 77.156 341.127 132.348 124.535 350.280 129.523 133.730 308.255
000316_depth.png 183.271 99.322 373.674 174.950 85.797 384.449 157.560 74.562 339.095 132.262 125.250 356.799 129.482 133.897 303.088
000317_depth.png 186.044 102.697 361.752 175.864 85.050 371.002 158.926 75.079 344.024 133.594 124.560 314.623 130.367 132.446 305.411
000318_depth.png 186.226 98.581 367.000 177.344 82.478 366.348 160.251 74.111 341.208 134.258 122.958 313.458 132.432 131.405 306.092
000319_depth.png 188.642 99.489 378.523 179.348 82.298 373.869 162.066 72.984 344.022 134.899 123.252 312.422 133.998 130.626 311.533
000320_depth.png 189.867 102.018 375.223 182.458 83.095 349.462 165.599 71.416 327.224 140.078 123.469 304.949 137.091 133.013 297.256
000321_depth.png 200.542 110.575 407.526 191.856 115.081 373.910 171.429 73.607 354.243 145.648 121.774 338.648 143.904 129.785 330.745
000322_depth.png 193.275 103.124 381.187 192.281 91.811 388.117 176.696 79.983 365.053 152.328 126.813 318.518 144.847 133.911 305.662
000323_depth.png 199.503 94.373 377.000 193.957 83.699 376.000 177.982 75.402 354.028 153.467 123.319 368.284 151.262 131.682 331.179
000324_depth.png 207.400 114.892 416.970 196.224 85.311 375.425 179.700 78.332 356.782 155.189 126.643 338.330 153.219 134.016 333.970
000325_depth.png 203.447 108.288 379.142 197.206 90.499 353.185 182.366 79.246 330.211 157.554 131.139 308.537 155.226 140.030 301.071
000326_depth.png 204.116 110.198 378.151 198.049 91.860 352.097 182.120 80.588 329.610 158.621 132.649 307.229 156.141 141.508 299.690
000327_depth.png 203.240 110.735 376.054 196.828 91.936 350.103 180.228 81.655 327.410 156.999 134.114 305.312 155.052 143.078 297.685
000328_depth.png 201.418 112.433 378.551 195.075 93.777 352.436 179.225 82.803 330.103 155.002 134.984 307.616 152.023 144.343 299.921
000329_depth.png 205.787 120.933 413.250 194.604 91.503 371.688 178.203 85.055 352.853 153.243 134.649 334.587 150.898 142.440 330.045
000330_depth.png 206.913 121.510 410.871 195.384 90.829 368.942 177.769 84.554 349.882 152.062 134.702 331.954 149.332 141.864 327.769
000331_depth.png 206.219 112.684 397.364 195.791 89.271 361.047 176.742 83.138 341.780 151.006 134.734 323.576 147.922 141.636 320.595
000332_depth.png 209.980 112.061 392.908 194.204 88.410 355.084 173.982 80.783 333.723 148.663 136.681 317.437 147.610 141.776 326.963
000333_depth.png 204.756 112.929 400.451 194.461 88.472 363.003 174.304 82.540 343.627 148.017 134.259 326.561 145.623 140.831 321.914
000334_depth.png 210.316 112.961 398.765 194.462 88.401 362.033 174.317 82.790 342.547 147.883 132.842 325.061 144.594 140.017 321.279
000335_depth.png 210.215 111.615 402.727 194.374 87.325 366.117 172.564 81.705 346.342 146.706 131.715 329.130 143.485 138.879 324.765
000336_depth.png 209.177 111.755 400.243 193.072 87.016 363.984 171.034 81.617 344.401 145.108 131.136 327.234 141.828 140.106 324.296
000337_depth.png 208.900 111.623 403.588 192.945 86.539 367.035 170.085 81.031 347.221 143.614 130.964 330.010 140.678 139.820 326.893
000338_depth.png 209.878 110.602 396.182 191.795 85.638 360.133 168.173 80.055 340.298 142.423 131.029 323.339 139.586 138.666 320.173
000339_depth.png 210.773 108.922 389.538 190.297 84.123 354.179 165.636 79.201 334.432 140.486 130.771 317.564 138.719 138.126 314.365
000340_depth.png 209.831 107.596 393.454 188.227 83.364 357.968 164.186 78.854 338.158 138.671 130.922 321.734 138.241 137.985 319.014
000341_depth.png 208.870 102.941 373.943 183.266 79.439 340.872 158.841 76.087 331.355 135.376 133.532 337.327 139.905 136.982 336.578
000342_depth.png 208.755 97.053 351.531 179.002 73.866 325.009 154.376 71.458 318.414 134.885 134.621 330.926 138.526 136.687 333.264
000343_depth.png 210.042 103.647 373.645 182.593 79.277 340.933 156.712 74.676 331.263 135.422 133.885 337.883 138.827 136.110 336.977
000344_depth.png 210.220 104.013 374.279 183.141 80.015 341.730 156.411 75.776 332.289 136.064 134.068 338.948 139.438 135.997 338.299
000345_depth.png 210.438 104.937 374.727 182.639 80.345 341.719 156.280 75.860 332.355 136.407 134.063 338.996 139.438 135.934 338.320
000346_depth.png 210.226 105.289 376.646 182.621 80.484 343.713 156.083 75.756 334.351 137.134 134.190 341.061 139.620 136.004 340.307
000347_depth.png 210.157 105.341 376.608 182.124 81.153 343.956 154.739 76.111 334.364 137.105 134.339 341.030 139.523 135.987 340.292
000348_depth.png 208.313 103.505 384.478 177.112 77.807 348.617 149.973 72.830 338.237 151.875 128.250 347.963 138.569 135.341 344.837
000349_depth.png 207.855 93.914 356.000 176.072 74.901 342.000 149.683 73.729 341.041 137.187 131.133 363.146 137.807 135.873 353.118
000350_depth.png 209.000 103.281 382.247 176.772 78.548 346.677 149.012 74.240 336.246 151.967 129.655 345.975 138.935 135.386 342.729
000351_depth.png 206.191 97.589 366.281 173.414 76.012 346.712 144.570 75.386 343.013 135.347 132.573 354.097 136.869 136.594 344.554
000352_depth.png 205.645 98.133 362.210 172.265 76.040 342.736 143.099 75.345 339.036 134.024 133.520 350.154 135.551 137.301 340.750
000353_depth.png 205.903 98.063 360.092 173.001 75.690 340.422 143.282 75.569 336.905 141.355 129.829 351.913 135.236 137.372 338.759
000354_depth.png 205.189 95.023 343.031 171.648 72.519 322.538 145.056 73.003 332.232 131.119 131.983 344.959 133.224 136.749 335.924
000355_depth.png 204.762 96.779 361.676 173.954 74.838 342.748 144.925 74.932 337.911 130.344 131.515 348.817 132.000 137.417 339.085
000356_depth.png 203.369 95.917 359.967 173.661 73.485 341.178 145.062 73.370 336.104 130.050 129.925 346.788 131.249 136.249 336.380
000357_depth.png 202.332 95.983 358.644 173.721 73.159 339.218 145.168 72.898 334.050 128.413 129.667 344.652 130.071 136.420 334.486
000358_depth.png 202.522 99.128 379.265 175.708 74.500 345.768 150.458 71.351 333.328 128.802 130.745 327.170 132.154 136.339 323.584
000359_depth.png 201.346 96.522 365.165 174.718 72.108 335.298 150.220 68.066 324.046 128.597 131.552 313.498 131.675 134.940 317.754
000360_depth.png 199.920 115.041 391.232 175.772 74.017 350.636 152.260 70.412 338.538 129.711 128.337 331.824 131.391 136.460 329.464
000361_depth.png 198.499 113.027 390.189 175.290 72.558 349.783 152.247 69.407 337.389 128.770 127.425 330.332 130.977 135.328 327.837
000362_depth.png 188.696 94.754 358.483 175.557 74.948 334.247 153.233 66.440 312.662 128.144 121.663 289.731 126.134 128.451 283.589
000363_depth.png 188.398 95.066 366.177 176.281 74.499 341.169 154.592 66.298 319.439 128.738 119.640 296.324 125.185 126.837 288.539
000364_depth.png 188.607 94.807 365.448 178.382 74.665 341.165 157.035 65.342 319.441 130.849 118.742 296.191 127.508 126.306 288.008
000365_depth.png 188.671 95.085 366.621 178.326 73.954 341.174 157.347 64.776 319.472 131.194 117.533 296.227 127.757 125.311 288.169
000366_depth.png 187.514 91.984 359.585 179.210 72.459 338.038 158.521 59.934 307.504 132.397 116.351 278.745 130.825 122.339 288.947
000367_depth.png 188.083 93.131 365.678 178.444 73.041 341.115 160.939 60.984 319.020 136.506 112.510 296.287 131.501 121.585 288.301
000368_depth.png 187.687 92.606 365.809 178.317 72.112 341.134 162.213 59.289 318.817 137.241 110.706 296.226 133.031 119.881 288.740
000369_depth.png 187.677 93.047 366.437 178.688 71.871 341.116 163.865 58.225 318.760 139.712 109.687 296.233 136.344 118.719 288.921
000370_depth.png 187.571 93.091 366.403 177.749 72.178 341.339 163.909 58.232 318.757 139.840 109.635 296.235 136.360 117.153 288.854
000371_depth.png 187.591 93.865 366.580 177.750 72.904 341.279 163.862 58.857 318.705 140.181 108.644 296.256 136.344 116.141 289.020
000372_depth.png 179.698 89.005 357.288 175.229 74.301 341.974 165.103 61.568 318.188 140.875 108.843 296.046 137.928 116.001 289.331
000373_depth.png 162.214 108.527 367.752 162.365 97.484 374.506 163.694 58.578 306.466 142.317 112.347 281.913 138.257 116.493 259.184
000374_depth.png 165.132 108.082 386.802 163.502 96.790 394.686 162.510 57.216 314.393 144.145 111.375 281.135 139.967 116.253 259.731
000375_depth.png 157.985 99.702 358.843 168.396 76.035 348.144 165.481 60.149 319.763 147.617 111.978 279.337 145.764 118.621 253.345
000376_depth.png 159.669 99.103 351.403 164.532 74.662 335.731 165.321 59.791 313.233 149.224 112.045 279.848 147.353 116.865 251.606
000377_depth.png 150.970 119.306 357.212 161.889 81.091 328.198 166.706 59.842 295.881 159.968 107.948 255.961 165.844 119.702 239.744
000378_depth.png 156.434 127.036 373.648 162.456 80.382 345.334 167.177 59.153 313.180 159.848 105.085 272.790 166.732 116.657 255.723
000379_depth.png 152.669 123.969 376.738 161.880 79.525 345.231 167.412 59.184 313.194 161.069 105.111 272.811 168.358 116.641 255.714
000380_depth.png 142.761 108.549 372.056 160.519 81.088 341.003 165.571 58.748 309.374 162.090 104.767 280.145 162.144 110.169 248.068
000381_depth.png 141.226 107.104 366.723 160.108 78.153 344.143 165.358 57.883 311.414 161.973 104.068 279.251 167.985 114.944 246.927
000382_depth.png 138.670 107.643 372.325 160.069 76.981 345.181 165.269 57.387 312.896 163.590 104.419 273.229 168.105 113.212 255.912
000383_depth.png 137.309 107.089 364.657 160.057 75.295 339.853 166.226 56.257 312.669 166.515 103.856 275.026 170.059 107.643 253.326
000384_depth.png 137.544 112.027 362.905 155.646 74.072 342.968 167.440 57.172 316.953 173.492 101.023 267.769 175.196 107.879 261.878
000385_depth.png 132.844 105.852 362.762 157.473 76.423 344.010 168.443 57.084 316.512 174.675 101.330 282.891 180.587 105.638 304.889
000386_depth.png 132.794 107.101 363.707 157.108 76.364 350.636 168.843 57.334 318.284 175.461 102.552 274.392 180.828 105.786 290.634
000387_depth.png 132.496 106.322 360.514 156.142 73.662 342.847 169.012 57.117 316.663 174.711 100.830 268.503 181.374 106.748 261.487
000388_depth.png 132.284 106.170 356.362 155.646 73.652 338.618 169.022 56.743 312.817 175.617 101.497 263.503 180.521 105.630 257.777
000389_depth.png 130.364 106.572 360.962 156.110 72.772 338.839 168.963 56.977 316.052 176.387 100.000 267.511 182.055 105.489 260.144
000390_depth.png 132.455 106.486 360.233 155.807 74.125 342.601 169.034 57.399 316.725 175.622 100.173 267.165 180.482 103.437 262.240
000391_depth.png 131.943 106.264 356.278 155.604 73.687 338.683 169.064 57.389 313.026 175.550 101.930 263.042 180.827 104.953 257.707
000392_depth.png 131.920 106.183 355.231 154.305 74.815 337.284 167.682 57.191 312.020 174.468 101.024 261.915 179.597 104.472 256.819
000393_depth.png 131.727 105.900 354.848 153.880 74.540 336.208 167.279 56.730 310.958 173.938 101.355 260.797 178.268 104.812 255.758
000394_depth.png 131.804 105.911 354.900 153.703 74.589 336.257 167.115 57.062 311.065 173.194 101.493 261.127 177.880 105.118 255.563
000395_depth.png 135.118 114.243 356.809 152.386 83.086 335.933 162.312 58.881 311.051 170.564 103.293 262.035 172.690 110.270 255.847
000396_depth.png 135.251 113.877 356.831 151.803 80.778 336.893 161.391 59.425 310.696 170.110 103.303 261.866 172.786 111.742 255.834
000397_depth.png 137.738 115.634 356.924 151.926 78.232 346.757 161.687 58.694 311.115 170.101 102.672 261.811 171.779 110.382 255.677
000398_depth.png 139.388 108.715 369.043 157.572 79.065 342.019 158.164 57.261 312.580 156.104 104.406 276.766 158.366 108.705 281.562
000399_depth.png 142.320 108.914 365.985 156.144 75.544 336.177 158.141 57.674 311.632 152.344 106.751 264.402 153.486 109.795 246.397
000400_depth.png 149.625 103.162 372.905 155.975 75.276 338.846 156.125 56.830 311.342 151.514 104.872 258.065 151.858 109.602 246.885
000401_depth.png 150.975 95.522 364.244 156.703 85.285 371.288 156.527 56.433 325.333 150.337 101.979 275.876 148.094 111.334 256.235
000402_depth.png 150.810 99.902 337.812 157.924 78.913 326.194 154.625 61.405 303.619 141.028 106.419 275.425 140.372 119.256 261.287
000403_depth.png 158.057 102.413 368.276 159.776 84.547 359.397 149.738 57.660 306.555 132.460 113.161 269.098 128.900 118.140 254.994
000404_depth.png 157.652 103.048 368.677 159.344 85.571 359.331 148.538 60.137 306.899 130.789 114.480 269.169 126.636 119.638 254.299
000405_depth.png 155.521 104.168 349.175 157.986 85.379 337.223 148.140 60.143 292.677 129.820 114.739 263.867 125.157 119.562 253.283
000406_depth.png 172.412 94.676 357.772 164.438 76.210 335.605 149.218 61.433 312.398 127.445 113.291 290.147 125.412 121.695 282.801
000407_depth.png 173.986 94.493 358.059 166.125 74.535 335.601 149.819 60.957 312.812 127.573 113.250 290.376 123.938 122.214 282.754
000408_depth.png 176.311 94.530 361.862 168.423 74.376 338.474 152.034 61.098 315.705 127.934 113.257 293.217 122.810 123.709 285.574
000409_depth.png 176.318 96.261 361.893 167.952 75.690 338.680 151.611 62.797 315.710 127.229 114.599 293.263 121.610 125.029 284.932
000410_depth.png 176.310 97.352 362.230 167.612 76.649 338.246 149.951 64.860 315.790 125.972 116.656 293.197 118.422 128.303 284.307
000411_depth.png 176.309 96.886 361.565 167.854 76.884 338.182 148.460 65.485 315.928 124.657 116.657 293.204 116.175 129.282 283.408
000412_depth.png 176.862 96.756 360.459 168.417 76.602 337.816 148.678 66.433 315.968 124.358 117.047 293.361 116.129 130.093 283.245
000413_depth.png 193.007 95.573 344.924 166.129 70.582 310.618 141.467 64.651 297.756 119.438 118.360 305.856 119.466 128.021 305.366
000414_depth.png 192.758 96.128 344.837 164.885 70.914 310.718 140.058 65.278 297.582 118.382 118.853 305.781 117.938 129.229 305.208
000415_depth.png 192.632 95.464 330.925 163.625 70.541 296.704 137.478 65.022 283.677 118.487 121.445 293.991 118.055 128.702 292.920
000416_depth.png 194.089 92.201 309.551 160.070 69.498 282.857 133.664 68.096 283.370 117.212 123.628 298.225 116.344 128.764 293.941
000417_depth.png 193.614 95.529 341.513 160.955 72.366 308.303 131.613 67.822 293.837 115.669 123.786 305.031 115.815 130.259 303.698
000418_depth.png 193.122 96.195 336.118 161.038 72.349 302.153 132.128 67.528 288.056 115.880 123.920 299.739 115.773 129.296 298.464
000419_depth.png 196.416 92.812 333.900 162.811 72.367 306.930 135.661 69.179 298.751 117.164 114.837 311.783 116.633 131.480 302.194
000420_depth.png 195.878 94.577 342.808 164.463 73.332 315.912 137.414 66.575 303.952 114.786 112.508 320.229 114.957 130.957 310.879
000421_depth.png 196.643 91.159 309.845 162.875 70.663 287.166 136.310 64.583 282.631 112.190 112.624 307.147 113.961 129.538 298.124
000422_depth.png 195.595 96.396 346.988 165.407 74.477 320.070 139.174 66.931 307.952 113.894 108.631 323.707 112.599 133.502 314.663
000423_depth.png 195.782 100.732 349.416 164.357 75.066 322.757 140.912 65.228 313.820 112.483 99.902 325.510 99.723 140.248 304.297
000424_depth.png 194.448 97.449 318.880 164.081 75.024 301.579 140.292 65.060 294.998 111.668 98.756 314.595 95.804 141.412 292.266
000425_depth.png 194.132 105.134 348.007 165.708 78.181 327.275 142.848 68.670 312.381 111.887 94.539 316.374 91.779 142.731 281.613
000426_depth.png 193.669 105.836 348.239 165.609 79.441 327.359 142.967 69.494 312.290 115.291 89.478 313.127 89.283 146.846 281.524
000427_depth.png 194.230 106.341 348.310 166.452 80.057 327.280 144.930 69.504 311.998 118.146 86.509 312.768 86.734 148.931 281.729
000428_depth.png 193.780 107.166 353.307 167.973 80.021 332.278 146.650 68.841 316.840 120.770 84.140 317.581 84.665 150.906 286.748
000429_depth.png 195.088 106.264 351.192 169.938 80.569 330.095 149.875 69.642 314.572 121.878 84.602 315.557 85.469 152.521 285.407
000430_depth.png 194.405 106.968 352.319 170.234 80.574 331.285 148.983 69.641 315.881 121.311 84.836 316.544 83.746 153.593 285.698
000431_depth.png 194.077 108.549 354.346 169.136 82.241 333.197 149.252 71.175 317.768 120.003 87.063 318.462 83.628 154.369 288.062
000432_depth.png 194.217 108.744 353.319 168.875 82.023 332.221 148.966 71.164 316.811 119.795 87.001 317.474 82.931 154.629 287.006
000433_depth.png 194.122 108.453 354.342 169.560 81.079 333.188 147.486 70.190 317.850 119.569 86.173 318.647 83.296 155.690 287.595
000434_depth.png 193.800 108.828 356.326 168.785 80.983 335.262 147.497 69.711 319.698 118.579 85.981 320.805 82.893 155.377 289.642
000435_depth.png 193.827 108.207 352.300 168.877 80.912 331.203 146.652 69.692 315.834 118.275 86.407 316.898 83.568 155.801 285.565
000436_depth.png 194.338 108.126 353.292 168.844 81.249 332.145 147.671 70.319 316.922 119.538 87.132 317.766 83.427 155.206 286.726
000437_depth.png 194.180 104.067 333.295 166.911 77.530 317.181 146.925 68.422 312.369 117.770 84.950 303.016 81.720 154.446 277.398
000438_depth.png 194.697 108.409 352.391 168.580 82.252 331.161 148.755 71.463 315.693 119.176 88.104 316.714 84.181 155.074 286.347
000439_depth.png 193.217 108.558 353.375 167.849 82.064 332.225 148.096 71.007 316.776 118.489 87.387 317.760 83.493 154.172 287.312
000440_depth.png 193.901 108.540 357.348 167.222 81.026 336.269 146.338 70.117 321.014 118.853 87.234 321.805 83.501 154.724 290.688
