000000_depth.png 87 117 108 98 128 91 148 95 191 137 
000001_depth.png 84 118 111 101 130 97 149 104 191 148 
000002_depth.png 89 123 113 107 133 103 150 110 190 154 
000003_depth.png 87 122 111 103 129 98 148 105 190 150 
000004_depth.png 83 118 106 98 125 94 143 100 185 145 
000005_depth.png 80 117 103 98 121 93 139 99 179 143 
000006_depth.png 78 117 98 97 116 92 134 97 177 140 
000007_depth.png 76 116 96 95 114 90 133 96 176 138 
000008_depth.png 73 115 94 92 114 87 131 93 176 134 
000009_depth.png 72 115 95 94 113 89 132 93 174 137 
000010_depth.png 74 117 96 97 113 90 131 95 174 139 
000011_depth.png 75 114 98 95 115 88 131 95 176 136 
000012_depth.png 77 112 98 91 116 85 135 90 179 133 
000013_depth.png 76 107 98 86 115 80 134 86 178 129 
000014_depth.png 75 103 97 83 115 76 135 81 179 125 
000015_depth.png 78 98 100 78 118 71 139 77 183 121 
000016_depth.png 80 96 101 75 120 68 139 76 184 119 
000017_depth.png 80 95 101 73 121 67 140 73 185 118 
000018_depth.png 74 90 98 70 117 63 136 68 182 115 
000019_depth.png 75 92 98 70 116 62 136 67 183 113 
000020_depth.png 71 92 96 68 116 61 135 68 182 112 
000021_depth.png 73 89 96 67 116 61 135 67 181 110 
000022_depth.png 72 88 96 68 117 61 136 66 180 110 
000023_depth.png 72 89 97 69 117 61 137 66 181 109 
000024_depth.png 72 90 98 69 118 63 134 67 179 110 
000025_depth.png 72 90 96 68 116 63 133 64 180 108 
000026_depth.png 70 87 96 68 117 62 134 65 179 107 
000027_depth.png 70 87 97 67 116 62 134 64 177 105 
000028_depth.png 71 86 96 64 116 60 132 64 178 103 
000029_depth.png 70 87 95 65 115 59 132 62 176 103 
000030_depth.png 70 87 97 66 115 60 132 63 174 102 
000031_depth.png 72 86 98 67 115 60 132 65 174 102 
000032_depth.png 69 86 98 66 116 61 130 66 169 99 
000033_depth.png 71 88 96 66 115 61 131 67 166 98 
000034_depth.png 71 88 97 66 117 61 130 70 161 96 
000035_depth.png 74 87 99 67 117 59 133 70 161 95 
000036_depth.png 72 88 99 67 119 60 132 72 157 92 
000037_depth.png 72 86 99 65 118 59 133 73 155 93 
000038_depth.png 74 86 100 64 119 59 131.531 78.349 152 92 
000039_depth.png 75 85 99 65 120 59 136.643 86.769 148 88 
000040_depth.png 74 87 101 67 120 60 135.469 86.476 144.324 96.795 
000041_depth.png 74 88 101 67 121 61 135.874 88.365 144.314 97.332 
000042_depth.png 75 89 99 67 120 63 135.425 86.871 143.860 96.368 
000043_depth.png 74 87 100 66 120 61 135.070 87.125 143.273 96.755 
000044_depth.png 77 86 100 67 121 60 133.887 86.875 141.202 95.758 
000045_depth.png 75 85 100 66 121 60 132.425 86.875 140.404 95.364 
000046_depth.png 75 86 102 66 120 60 134.710 89.070 140.469 96.741 
000047_depth.png 77 88 102 68 121 60 133.177 88.918 141.090 97.197 
000048_depth.png 78 89 103 68 122 63 138.588 92.719 142.040 96.881 
000049_depth.png 77 89 103 70 122 64 137.678 91.346 142.189 96.865 
000050_depth.png 78 89 102 69 122 63 137.281 91.317 141.414 96.887 
000051_depth.png 75 90 104 69 122 63 136.582 91.865 140.984 95.748 
000052_depth.png 77 90 102 71 121 64 137.920 92.337 142.003 96.713 
000053_depth.png 78 89 104 70 122 64 137.680 91.319 142.980 97.132 
000054_depth.png 81 89 103 70 124 63 140.003 92.515 144.125 96.728 
000055_depth.png 79 87 103 67 123 62 137.697 90.719 144.703 97.687 
000056_depth.png 80 89 105 68 123 61 137.235 90.320 145.477 98.164 
000057_depth.png 81 88 104 69 123 62 139.124 91.143 145.819 97.320 
000058_depth.png 80 88 105 69 122 62 137.139 90.230 145.245 98.594 
000059_depth.png 80 87 104 68 122 62 139.261 90.320 146.545 97.313 
000060_depth.png 80 88 103 67 122 60 133.515 86.045 148.657 92.132 
000061_depth.png 80 87 103 69 124 60 136.595 79.555 150.534 91.721 
000062_depth.png 79 88 104 68 123 61 135.629 74.929 152 88 
000063_depth.png 78 90 103 67 123 62 139 75 153 89 
000064_depth.png 81 91 104 70 124 63 138 70 153 89 
000065_depth.png 81 91 106 69 124 62 138 69 158 90 
000066_depth.png 79 92 104 72 121 64 137 68 158 92 
000067_depth.png 81 93 105 71 122 64 137 67 163 92 
000068_depth.png 80 92 103 71 121 63 136 66 164 93 
000069_depth.png 80 92 104 71 122 62 137 67 170 95 
000070_depth.png 80 94 103 71 121 63 136 67 172 95 
000071_depth.png 78 95 102 72 120 63 135 67 175 97 
000072_depth.png 77 94 102 73 119 64 136 68 180 101 
000073_depth.png 77 95 102 73 120 64 134 67 181 101 
000074_depth.png 77 96 100 73 120 65 136 67 181 103 
000075_depth.png 76 97 102 73 119 67 138 69 181 105 
000076_depth.png 78 98 100 77 119 68 141 73 182 105 
000077_depth.png 76 99 101 76 121 69 142 74 186 106 
000078_depth.png 74 98 99 76 116 69 142 72 185 109 
000079_depth.png 75 98 100 76 116 69 141 74 185 109 
000080_depth.png 72 98 98 76 115 68 141 73 183 108 
000081_depth.png 73 98 96 75 115 68 140 72 183 108 
000082_depth.png 74 96 98 74 115 66 142 71 185 109 
000083_depth.png 74 95 98 72 116 63 139 71 183 107 
000084_depth.png 76 94 98 72 117 65 137 71 173 99 
000085_depth.png 78 94 99 73 117 67 135 74 170 98 
000086_depth.png 79 95 100 74 117 69 138 75 169 98 
000087_depth.png 78 96 101 74 116 68 136 74 170 97 
000088_depth.png 77 96 115.362 93.102 116 69 134 73 166 93 
000089_depth.png 78 95 100 72 116 70 134 72 162 91 
000090_depth.png 78 93 100 71 116 72 135 71 149 86 
000091_depth.png 78 95 101 72 116 72 134 72 142.361 89.565 
000092_depth.png 80 97 100 73 117 74 134 74 140.078 89.769 
000093_depth.png 79 95 100 74 116 75 134 74 138.680 90.463 
000094_depth.png 78 96 99 74 116 76 132 74 135.927 90.377 
000095_depth.png 78 95 99 74 117 78 132 73 126.878 88.895 
000096_depth.png 76 95 99 75 115.411 79.735 130 73 133.284 90.079 
000097_depth.png 75 96 98 75 117.746 87.019 129 73 120.499 90.182 
000098_depth.png 77 95 97 75 117.232 89.004 129 73 120.677 92.289 
000099_depth.png 77 95 99 74 117.692 88.662 129 73 120.493 92.453 
000100_depth.png 75 97 97 75 113.164 86.098 129 74 126.812 92.077 
000101_depth.png 77 98 97 76 113.500 86.822 130 75 126.812 93.648 
000102_depth.png 79 99 97 73 114.070 87.468 130 74 126.511 92.763 
000103_depth.png 78 98 95 73 114.116 88.080 128 75 126.689 93.447 
000104_depth.png 75 99 95 73 114.086 87.757 129 73 126.813 93.178 
000105_depth.png 76 98 96 74 114.186 87.875 130 76 125.844 93.055 
000106_depth.png 80 100 96 73 114.093 87.819 129 74 126.811 93.305 
000107_depth.png 79 98 94 73 114.103 87.759 129 74 126.813 93.211 
000108_depth.png 79 98 95 75 114.201 87.606 130 75 126.811 93.112 
000109_depth.png 77 97 96 74 113.257 85.797 129 76 127.140 95.202 
000110_depth.png 76 98 93 74 110.068 85.233 130 74 117.063 89.170 
000111_depth.png 77 97 93 74 113.301 86.304 130 75 127.083 94.259 
000112_depth.png 76 97 94 74 112.630 85.482 129 74 126.953 91.889 
000113_depth.png 75 97 94 74 114.345 82.314 129 73 128.259 92.866 
000114_depth.png 77 96 96 74 113.421 81.457 130 73 126.927 90.187 
000115_depth.png 76 96 93 72 112 75 128 71 126.078 87.260 
000116_depth.png 78 95 96 72 112 74 131 72 126.290 87.256 
000117_depth.png 78 96 94 71 111 72 130 70 126.082 87.857 
000118_depth.png 76 96 93 72 109 70 131 72 127.287 87.983 
000119_depth.png 76 96 94 71 109 66 130 70 145 84 
000120_depth.png 76 97 93 73 108 66 129 71 147 85 
000121_depth.png 75 96 92 71 108 64 130 71 149 85 
000122_depth.png 75 97 91 74 109 65 131 71 152 89 
000123_depth.png 74 98 93 76 111 65 132 72 155 86 
000124_depth.png 71 97 90 75 110 66 131 70 162 91 
000125_depth.png 71 98 89 75 111 67 131 71 164 91 
000126_depth.png 69 99 88 75 112 67 132 69 170 95 
000127_depth.png 69 99 91 76 110 68 131 69 171 97 
000128_depth.png 69 99 90 74 111 65 133 69 174 100 
000129_depth.png 70 99 90 73 111 65 132 68 177 103 
000130_depth.png 68 98 90 71 111 63 133 66 180 105 
000131_depth.png 67 98 87 71 110 61 133 67 181 103 
000132_depth.png 66 94 87 70 109 61 134 64 182 103 
000133_depth.png 66 95 90 69 110 58 133 65 180 104 
000134_depth.png 68 91 92 66 115 56 137 63 184 104 
000135_depth.png 69 91 92 63 114 53 138 62 184 105 
000136_depth.png 69 90 92 62 114 54 137 62 185 103 
000137_depth.png 72 90 95 61 116 52 137 61 185 104 
000138_depth.png 70 88 95 62 116 51 139 59 185 102 
000139_depth.png 75 89 97 63 118 54 140 59 189 101 
000140_depth.png 73 90 97 63 119 55 141 61 189 100 
000141_depth.png 75 87 98 62 120 53 140 61 185 97 
000142_depth.png 76 86 99 62 120 54 142 61 181 96 
000143_depth.png 76 85 99 65 118 53 140 59 171 88 
000144_depth.png 79 83 99 64 119 54 141 57 164 85 
000145_depth.png 75 82 103 67 119 53 137 57 153.356 87.340 
000146_depth.png 77 83 103 67 117 54 138 58 145.447 83.299 
000147_depth.png 77 84 103 70 117 55 136 58 135.293 84.940 
000148_depth.png 76 82 105 75 117 56 135 58 128.306 86.691 
000149_depth.png 77 82 114.434 80.310 116 57 134 59 124.086 82.487 
000150_depth.png 78 82 115.558 83.647 116 56 135 58 116.967 85.913 
000151_depth.png 79 80 116.529 84.254 116 55 135 58 115.886 85.851 
000152_depth.png 78 81 116.968 85.825 116 55 135 58 115.563 86.966 
000153_depth.png 79 81 115.745 86.359 116 56 134 61 116.230 87.876 
000154_depth.png 76 82 115.031 87.690 115 55 133 58 116.592 89.188 
000155_depth.png 76 81 114.602 87.904 114 56 134 58 116.118 89.386 
000156_depth.png 76 83 113.822 89.009 114 56 133 59 116.030 89.217 
000157_depth.png 77 83 114.230 87.624 115 58 135 60 115.688 89.101 
000158_depth.png 74 82 112.809 87.734 114 56 133 60 114.291 89.125 
000159_depth.png 75 83 112.808 88.117 114 56 132 57 114.251 89.545 
000160_depth.png 74 84 112.801 87.624 114 57 134 59 114.245 89.047 
000161_depth.png 75 85 112.808 87.651 112 54 135 61 114.213 89.055 
000162_depth.png 74 82 112.809 87.650 111 55 134 60 114.213 89.055 
000163_depth.png 72 83 112.809 87.650 112 56 132 59 114.213 89.055 
000164_depth.png 76 84 112.729 87.460 113 57 134 60 114.188 88.573 
000165_depth.png 76 82 112.736 86.016 111 55 132 57 114.215 87.493 
000166_depth.png 73 82 112.721 86.005 111 56 132 59 114.197 87.472 
000167_depth.png 76 83 113.885 84.562 113 55 133 58 114.572 87.469 
000168_depth.png 76 81 114.111 84.693 112 54 133 57 115.643 87.380 
000169_depth.png 76 84 115.667 84.059 116 55 135 57 115.634 87.238 
000170_depth.png 76 85 114.378 83.398 115 55 134 58 123.634 84.354 
000171_depth.png 76 82 114.506 68.702 116 53 137 56 138.274 88.423 
000172_depth.png 78 82 108 71 118 52 138 56 160 88 
000173_depth.png 78 82 104 68 119 51 138 56 164 89 
000174_depth.png 74 82 104 66 118 52 139 55 163 89 
000175_depth.png 76 82 102 64 118 52 140 58 164 89 
000176_depth.png 77 85 96 60 118 53 140 56 164 89 
000177_depth.png 74 85 94 61 117 51 139 56 163 88 
000178_depth.png 73 84 93 58 117 52 138 57 166 89 
000179_depth.png 72 84 92 59 118 53 139 57 169 91 
000180_depth.png 70 85 90 58 116 53 138 56 174 94 
000181_depth.png 72 87 90 60 117 54 139 55 177 93 
000182_depth.png 70 87 90 62 117 55 139 58 176 94 
000183_depth.png 70 87 92 60 119 54 140 57 179 94 
000184_depth.png 70 87 92 61 120 54 139 56 180 95 
000185_depth.png 71 90 93 62 120 57 140 57 181 97 
000186_depth.png 71 90 90 62 118 56 139 56 181 98 
000187_depth.png 72 89 93 63 121 56 140 58 183 99 
000188_depth.png 70 91 92 64 118 57 140 57 182 99 
000189_depth.png 70 91 91 64 120 57 140 59 183 98 
000190_depth.png 68 91 91 63 118 55 138 57 180 96 
000191_depth.png 68 90 89 63 119 56 138 58 181 94 
000192_depth.png 69 89 91 61 117 55 138 57 179 93 
000193_depth.png 72 86 95 61 115 54 134 56 170 89 
000194_depth.png 70 86 97 64 116 55 133 55 164 87 
000195_depth.png 75 84 100 63 116 55 134 56 147.372 86.647 
000196_depth.png 78 84 99 63 115 53 131 53 142.379 84.990 
000197_depth.png 77 84 98 63 113 53 127 52 140.086 86.333 
000198_depth.png 82 87 97 66 113 55 127 52 119.272 87.568 
000199_depth.png 83 87 98 63 113 56 128 52 118.711 85.979 
000200_depth.png 86 88 95 63 114 56 125 52 117.257 86.879 
000201_depth.png 89.576 90.410 96 62 111 55 125.850 60.619 106.101 90.235 
000202_depth.png 90.233 89.804 94 64 111 55 124.898 61.403 104.129 90.676 
000203_depth.png 92.494 90.967 94 63 111 57 123.899 61.672 103.562 91.473 
000204_depth.png 93.356 90.464 94 64 112 58 123.869 61.608 103.587 92.058 
000205_depth.png 92.842 92.431 96 64 109.615 58.589 121.906 61.103 103.016 93.276 
000206_depth.png 92.844 92.410 93 64 109 56 121.906 61.142 103.016 93.329 
000207_depth.png 91.441 92.798 92 65 109 57 120.775 61.492 101.781 92.922 
000208_depth.png 90.031 92.833 91 64 110 58 120.842 58.226 101.781 93.000 
000209_depth.png 90.030 92.922 92 67 109 58 120.875 58.241 101.781 93.034 
000210_depth.png 90.031 92.923 91 65 109 57 120.875 58.241 101.781 93.035 
000211_depth.png 90.043 92.921 92 65 108 58 120.875 58.242 101.781 93.029 
000212_depth.png 90.041 94.191 90 67 111 58 120.984 58.582 102.018 93.026 
000213_depth.png 89.404 96.127 90 67 107 57 120.338 59.924 101.211 94.858 
000214_depth.png 91.056 95.205 92 66 109 59 121.868 59.684 102.781 95.145 
000215_depth.png 91.057 95.204 91 67 110 59 121.868 59.684 102.781 95.145 
000216_depth.png 91.571 95.149 91 66 109 57 121.875 59.694 102.724 95.128 
000217_depth.png 90.507 95.371 91 67 108 58 120.418 59.203 101.089 95.130 
000218_depth.png 90.498 95.432 91 70 108 58 120.593 59.702 101.008 95.272 
000219_depth.png 90.499 95.433 92 67 107 58 120.576 59.702 100.995 95.279 
000220_depth.png 90.568 95.446 90 67 108 58 120.610 59.700 101.119 95.260 
000221_depth.png 89.244 92.630 89 64 108 58 120.577 58.958 101.451 92.901 
000222_depth.png 85.816 92.595 91 67 107 57 122 53 102.381 94.020 
000223_depth.png 76 86 92 66 109 56 121.148 58.298 103.491 94.246 
000224_depth.png 74 89 92 68 110 56 122 53 103.728 97.011 
000225_depth.png 69 87 90 65 108 57 123 54 110.064 86.961 
000226_depth.png 69 88 90 64 108 56 122 54 120.151 89.994 
000227_depth.png 68 88 90 65 109 57 123 53 129.256 90.785 
000228_depth.png 66 91 90 63 111 56 125 53 142.771 93.410 
000229_depth.png 66 93 88 64 111 56 127 54 157.935 94.271 
000230_depth.png 64 92 88 63 110 56 126 54 160.307 94.399 
000231_depth.png 63 93 87 63 108 53 126 53 165.000 96.240 
000232_depth.png 64 94 89 62 109 53 126 51 167.382 98.163 
000233_depth.png 66 95 89 62 113 50 130 51 174.176 100.441 
000234_depth.png 66 93 92 62 113 51 132 50 176.764 101.974 
000235_depth.png 63 95 90 61 111 50 132 51 177.920 102.304 
000236_depth.png 65 93 90 59 113 51 131 49 177.119 101.033 
000237_depth.png 64 93 88 60 111 49 131 48 176.036 100.275 
000238_depth.png 66 95 89 61 111 52 130 51 175 94 
000239_depth.png 64 94 87 61 111 51 128 52 170 93 
000240_depth.png 62 95 85 60 109 51 125 49 168 92 
000241_depth.png 61 95 87 61 109 50 127 50 167 91 
000242_depth.png 66 93 92 64 112 50 129 50 165 91 
000243_depth.png 66 92 92 67 111 51 128 51 159 90 
000244_depth.png 67 93 97.065 83.115 109 52 129 53 155 89 
000245_depth.png 66 92 96 74 110 51 129 51 131.890 90.686 
000246_depth.png 66 91 99 79 109 51 126 51 118.996 88.534 
000247_depth.png 67 92 105.832 86.500 108 51 127 53 110.185 89.738 
000248_depth.png 68 91 104.003 86.328 108 50 124 51 109.921 89.554 
000249_depth.png 66 90 104.991 89.497 107 51 123 52 109.175 91.930 
000250_depth.png 67 91 103.889 89.500 106 51 124 52 108.432 92.500 
000251_depth.png 67 91 102.537 89.101 105 51 123 52 107.419 92.872 
000252_depth.png 66 91 102.041 90.998 103 52 124.077 57.731 106.806 92.498 
000253_depth.png 66 95 101.000 91.987 105 55 121 52 107.060 94.998 
000254_depth.png 64 92 101.373 91.898 102 54 122 54 105.932 94.941 
000255_depth.png 65 93 101.372 91.899 103 53 124 55 105.922 94.933 
000256_depth.png 66 93 101.375 91.899 104 52 124 54 105.936 94.957 
000257_depth.png 65 92 101.350 91.898 102 53 123 54 105.901 94.948 
000258_depth.png 64 92 100.911 92.094 103 54 122 54 105.572 95.443 
000259_depth.png 65 92 101.375 93.384 105 54 124 55 105.362 95.513 
000260_depth.png 65 93 100.909 91.898 102 53 121 54 105.848 94.992 
000261_depth.png 64 92 98.604 92.196 102 55 121 54 103.725 95.514 
000262_depth.png 63 93 97.922 90.857 100 53 121 53 104.400 94.907 
000263_depth.png 63 94 98.133 91.165 100 52 121 54 104.544 94.436 
000264_depth.png 65 93 98.366 90.377 100 55 120 53 104.418 94.441 
000265_depth.png 63 94 98.158 88.859 100 51 121 53 103.931 92.677 
000266_depth.png 64 94 89.352 82.972 102 52 121 53 104.787 91.818 
000267_depth.png 66 94 88 78 101 55 122 53 116.486 90.804 
000268_depth.png 67 94 85 78 103 54 122 54 119.953 92.214 
000269_depth.png 65 95 86 73 101 55 120 55 127.506 91.058 
000270_depth.png 63 94 84 73 101 55 122 55 135.241 92.212 
000271_depth.png 65 97 84 71 103 54 122 53 154 90 
000272_depth.png 64 95 81 70 102 54 123 55 157 92 
000273_depth.png 65 98 81 70 104 56 124 55 162 94 
000274_depth.png 65 97 83 69 106 55 127 56 170 99 
000275_depth.png 66 97 84 67 108 53 129 56 175 101 
000276_depth.png 69 93 87 64 111 52 132 55 181 102 
000277_depth.png 67 93 86 65 111 51 134 55 183 103 
000278_depth.png 66 91 86 64 111 51 133 55 181 102 
000279_depth.png 65 89 84 63 110 50 132 54 181 99 
000280_depth.png 67 90 86 63 110 50 132 53 181 99 
000281_depth.png 68 89 85 65 110 50 131 53 179 97 
000282_depth.png 66 92 82 65 107 49 130 53 177 96 
000283_depth.png 67 91 82 65 106 50 131 53 176 97 
000284_depth.png 68 89 82 66 106 51 128 54 155 89 
000285_depth.png 66 90 80 67 104 56 126 53 148.562 91.929 
000286_depth.png 65 92 81 64 106 61 126 53 144.078 93.006 
000287_depth.png 64 92 82 64 105 62 126 53 142.973 94.172 
000288_depth.png 66 91 82 64 107 66 126 53 139.710 92.712 
000289_depth.png 65 90 80 65 107 68 127 53 130.677 94.597 
000290_depth.png 65 90 84 67 110 75 127 53 128.089 95.639 
000291_depth.png 67 92 85 70 113.146 77.836 126 55 126.396 96.017 
000292_depth.png 67 91 88 73 112.501 79.412 127 55 124.048 95.551 
000293_depth.png 66 93 87 73 110.705 80.500 125 54 115.896 89.391 
000294_depth.png 67 93 86 75 111.985 79.284 125 56 117.424 91.053 
000295_depth.png 64 92 88 75 112.003 82.724 126 56 115.689 87.858 
000296_depth.png 66 93 89 75 112.556 82.734 125 56 111.640 88.182 
000297_depth.png 65 95 86 75 116.725 90.823 125 54 118.370 92.852 
000298_depth.png 65 93 86 75 116.743 91.125 124 54 118.312 92.734 
000299_depth.png 66 93 89 76 117.810 88.718 126 57 119.358 93.049 
000300_depth.png 66 94 87 76 118.281 89.683 126 58 119.834 93.094 
000301_depth.png 65 93 86 76 117.749 89.918 125 55 119.316 93.133 
000302_depth.png 66 94 86 77 117.596 90.048 125 57 119.313 93.772 
000303_depth.png 65 95 84 75 116.866 91.469 123 56 118.236 93.433 
000304_depth.png 65 92 87 78 117.518 89.398 123 58 118.870 92.228 
000305_depth.png 65 93 86 75 115.810 89.334 124 53 118.904 92.344 
000306_depth.png 67 93 87 75 115.808 87.846 123 54 118.936 91.408 
000307_depth.png 66 93 87 71 116.679 85.866 125 56 120.220 89.054 
000308_depth.png 67 93 83 70 115.072 83.404 123 55 118.594 87.431 
000309_depth.png 66 93 79 69 113.484 78.422 122 55 118.628 88.174 
000310_depth.png 64 92 78 67 97 57 123 53 132.360 91.383 
000311_depth.png 63 94 77 69 96 56 122 52 132.567 87.499 
000312_depth.png 62 94 75 67 94 53 121 54 138.212 86.953 
000313_depth.png 63 94 73 67 96 50 121 52 144.512 91.645 
000314_depth.png 63 93 73 66 97 50 124 51 149.679 90.429 
000315_depth.png 63 94 75 68 100 53 124 55 154 86 
000316_depth.png 64 94 74 66 100 53 123 54 154 86 
000317_depth.png 64 95 76 67 101 52 125 53 157 85 
000318_depth.png 64 95 75 65 102 52 125 53 159 88 
000319_depth.png 64 94 74 66 102 52 125 54 159 87 
000320_depth.png 63 94 75 67 101 53 125 52 160 86 
000321_depth.png 63 95 76 66 101 52 124 52 158 86 
000322_depth.png 63 95 74 67 101 53 123 52 157 87 
000323_depth.png 64 95 75 67 102 52 125 54 158 86 
000324_depth.png 63 94 73 67 100 52 124 52 152 83 
000325_depth.png 63 94 74 64 100 51 124 52 149 82 
000326_depth.png 62 95 73 66 98 51 123 50 142.522 86.695 
000327_depth.png 63 94 73 65 101 50 124 48 142.508 87.202 
000328_depth.png 62 94 73 65 103 49 123 51 142.240 86.990 
000329_depth.png 62 94 74 65 101 51 121 52 142.107 87.654 
000330_depth.png 62 94 74 65 101 51 120 53 141.041 86.580 
000331_depth.png 63 94 73 66 100 51 120 57 140.601 88.355 
000332_depth.png 62 94 74 65 101 52 120.223 58.943 139.423 87.813 
000333_depth.png 62 95 74 66 101 50 121.399 66.781 132.828 88.097 
000334_depth.png 63 94 75 65 103 50 121.415 67.614 131.987 87.854 
000335_depth.png 65 94 77 66 103 49 123.547 72.588 131.286 89.011 
000336_depth.png 66 95 76 65 103 49 124.547 74.322 130.734 89.678 
000337_depth.png 66 95 77 63 104 48 124.547 75.741 130.734 89.686 
000338_depth.png 66 94 77 65 103 50 124.547 75.796 130.816 89.664 
000339_depth.png 68 95 79 65 104 51 124.977 76.774 130.689 90.565 
000340_depth.png 64 92 77 64 104 50 123.884 75.705 129.280 86.728 
000341_depth.png 64 91 77 65 104 50 124.270 75.381 129.281 86.623 
000342_depth.png 64 93 76 65 103 50 123.094 75.348 127.706 85.988 
000343_depth.png 63 93 76 66 103 52 123.147 75.543 128.124 85.984 
000344_depth.png 63 91 76 63 100 50 123.026 76.150 126.942 84.903 
000345_depth.png 66 97 74 66 101 49 123.028 78.769 129.194 91.496 
000346_depth.png 67 97 75 66 99 50 123.179 78.516 129.328 91.283 
000347_depth.png 65 95 74 65 102 50 122.530 78.520 128.719 90.043 
000348_depth.png 64 96 75 66 100 50 122.013 78.283 128.502 91.843 
000349_depth.png 65 94 74 66 100 49 122.572 77.045 128.796 89.974 
000350_depth.png 65 95 76 65 100 50 122.499 76.923 128.717 90.782 
000351_depth.png 64 95 76 68 100 50 121.806 75.754 128.466 89.371 
000352_depth.png 61 92 73 65 100 50 122.113 74.057 128.592 86.617 
000353_depth.png 62 93 74 66 101 51 122.835 73.300 130.396 86.985 
000354_depth.png 63 93 75 65 101 49 124.249 72.740 133.309 86.798 
000355_depth.png 63 93 75 65 100 50 124.187 73.059 134.397 87.298 
000356_depth.png 62 94 76 66 100 51 122.585 71.341 136.506 88.689 
000357_depth.png 63 94 74 66 101 53 119.101 66.879 138.003 88.481 
000358_depth.png 63 97 76 66 101 53 121 58 148 86 
000359_depth.png 62 95 74 68 101 51 120 55 151 85 
000360_depth.png 63 96 75 67 100 50 120 52 157 87 
000361_depth.png 64 95 74 66 100 50 122 51 158 87 
000362_depth.png 62 97 75 66 101 51 124 52 160 87 
000363_depth.png 62 96 75 67 102 51 123 51 159 88 
000364_depth.png 63 97 75 68 100 52 124 52 161 89 
000365_depth.png 61 97 75 69 101 53 125 53 163 90 
000366_depth.png 62 97 75 68 101 53 125 51 167 89 
000367_depth.png 61 97 75 68 100 52 125 52 172 91 
000368_depth.png 62 96 73 68 98 52 124 51 173 92 
000369_depth.png 62 98 72 67 100 53 125 50 173 93 
000370_depth.png 61 100 74 68 100 53 125 51 174 96 
000371_depth.png 62 100 73 67 101 54 125 51 175 96 
000372_depth.png 60 100 70 67 100 53 126 52 176 96 
000373_depth.png 60 100 72 69 101 54 126 52 176 95 
000374_depth.png 60 99 72 69 101 54 125 53 176 96 
000375_depth.png 59 100 72 70 101 53 125 52 175 96 
000376_depth.png 62 98 73 71 100 53 126 53 173 95 
000377_depth.png 61 98 74 69 102 53 124 52 173 95 
000378_depth.png 60 97 72 68 101 56 126 52 175 95 
000379_depth.png 61 98 72 69 99 52 121 52 172 93 
000380_depth.png 59 97 74 68 100 54 121 51 175 94 
