381
./CVAR/P4/000000_depth.png 126.835 148.014 374.000 
./CVAR/P4/000001_depth.png 127.419 147.538 374.000 
./CVAR/P4/000002_depth.png 126.570 147.538 390.000 
./CVAR/P4/000003_depth.png 128.268 147.085 402.000 
./CVAR/P4/000004_depth.png 125.722 144.143 407.000 
./CVAR/P4/000005_depth.png 123.175 139.049 414.000 
./CVAR/P4/000006_depth.png 119.779 139.898 412.000 
./CVAR/P4/000007_depth.png 114.686 136.503 414.000 
./CVAR/P4/000008_depth.png 114.686 136.503 410.000 
./CVAR/P4/000009_depth.png 113.837 139.049 409.000 
./CVAR/P4/000010_depth.png 113.837 138.200 412.000 
./CVAR/P4/000011_depth.png 113.837 138.200 409.000 
./CVAR/P4/000012_depth.png 115.535 132.258 408.000 
./CVAR/P4/000013_depth.png 117.233 130.560 401.000 
./CVAR/P4/000014_depth.png 116.384 125.467 400.000 
./CVAR/P4/000015_depth.png 119.779 118.676 396.000 
./CVAR/P4/000016_depth.png 121.477 121.222 392.000 
./CVAR/P4/000017_depth.png 121.477 117.827 392.000 
./CVAR/P4/000018_depth.png 118.081 116.978 384.000 
./CVAR/P4/000019_depth.png 117.233 114.431 379.000 
./CVAR/P4/000020_depth.png 118.081 111.885 385.000 
./CVAR/P4/000021_depth.png 113.837 111.885 383.000 
./CVAR/P4/000022_depth.png 116.384 109.338 385.000 
./CVAR/P4/000023_depth.png 115.535 107.640 386.000 
./CVAR/P4/000024_depth.png 118.081 111.036 389.000 
./CVAR/P4/000025_depth.png 118.081 111.036 388.000 
./CVAR/P4/000026_depth.png 116.384 111.036 386.000 
./CVAR/P4/000027_depth.png 116.384 111.036 386.000 
./CVAR/P4/000028_depth.png 116.384 111.036 382.000 
./CVAR/P4/000029_depth.png 116.384 107.640 384.000 
./CVAR/P4/000030_depth.png 116.384 107.640 385.000 
./CVAR/P4/000031_depth.png 116.384 107.640 387.000 
./CVAR/P4/000032_depth.png 118.081 109.338 387.000 
./CVAR/P4/000033_depth.png 114.686 110.187 383.000 
./CVAR/P4/000034_depth.png 114.686 110.187 380.000 
./CVAR/P4/000035_depth.png 114.686 110.187 380.000 
./CVAR/P4/000036_depth.png 114.686 110.187 381.000 
./CVAR/P4/000037_depth.png 116.384 110.187 383.000 
./CVAR/P4/000038_depth.png 117.233 110.187 378.000 
./CVAR/P4/000039_depth.png 117.233 110.187 383.000 
./CVAR/P4/000040_depth.png 117.233 110.187 381.000 
./CVAR/P4/000041_depth.png 117.233 110.187 384.000 
./CVAR/P4/000042_depth.png 118.081 110.187 386.000 
./CVAR/P4/000043_depth.png 118.081 110.187 386.000 
./CVAR/P4/000044_depth.png 118.081 110.187 383.000 
./CVAR/P4/000045_depth.png 118.081 110.187 383.000 
./CVAR/P4/000046_depth.png 118.081 110.187 383.000 
./CVAR/P4/000047_depth.png 118.081 110.187 384.000 
./CVAR/P4/000048_depth.png 118.081 110.187 387.000 
./CVAR/P4/000049_depth.png 118.081 110.187 386.000 
./CVAR/P4/000050_depth.png 118.081 110.187 387.000 
./CVAR/P4/000051_depth.png 118.081 110.187 384.000 
./CVAR/P4/000052_depth.png 118.081 110.187 388.000 
./CVAR/P4/000053_depth.png 118.081 110.187 386.000 
./CVAR/P4/000054_depth.png 119.779 110.187 383.000 
./CVAR/P4/000055_depth.png 123.175 109.338 384.000 
./CVAR/P4/000056_depth.png 123.175 109.338 386.000 
./CVAR/P4/000057_depth.png 123.175 109.338 384.000 
./CVAR/P4/000058_depth.png 123.175 109.338 387.000 
./CVAR/P4/000059_depth.png 123.175 109.338 387.000 
./CVAR/P4/000060_depth.png 123.175 109.338 382.000 
./CVAR/P4/000061_depth.png 123.175 109.338 384.000 
./CVAR/P4/000062_depth.png 123.175 109.338 383.000 
./CVAR/P4/000063_depth.png 123.175 109.338 386.000 
./CVAR/P4/000064_depth.png 123.175 109.338 386.000 
./CVAR/P4/000065_depth.png 123.175 109.338 385.000 
./CVAR/P4/000066_depth.png 124.024 107.640 388.000 
./CVAR/P4/000067_depth.png 124.024 107.640 390.000 
./CVAR/P4/000068_depth.png 124.024 107.640 388.000 
./CVAR/P4/000069_depth.png 124.024 107.640 385.000 
./CVAR/P4/000070_depth.png 124.024 107.640 387.000 
./CVAR/P4/000071_depth.png 124.024 107.640 390.000 
./CVAR/P4/000072_depth.png 124.024 107.640 387.000 
./CVAR/P4/000073_depth.png 124.024 107.640 387.000 
./CVAR/P4/000074_depth.png 124.024 107.640 391.000 
./CVAR/P4/000075_depth.png 123.175 111.885 386.000 
./CVAR/P4/000076_depth.png 123.175 111.885 382.000 
./CVAR/P4/000077_depth.png 121.477 111.036 387.000 
./CVAR/P4/000078_depth.png 120.628 110.187 387.000 
./CVAR/P4/000079_depth.png 120.628 113.582 390.000 
./CVAR/P4/000080_depth.png 120.628 113.582 387.000 
./CVAR/P4/000081_depth.png 120.628 112.733 388.000 
./CVAR/P4/000082_depth.png 120.628 112.733 385.000 
./CVAR/P4/000083_depth.png 120.628 112.733 386.000 
./CVAR/P4/000084_depth.png 120.628 112.733 389.000 
./CVAR/P4/000085_depth.png 120.628 112.733 393.000 
./CVAR/P4/000086_depth.png 120.628 112.733 392.000 
./CVAR/P4/000087_depth.png 120.628 112.733 398.000 
./CVAR/P4/000088_depth.png 118.930 116.978 390.000 
./CVAR/P4/000089_depth.png 118.930 116.978 386.000 
./CVAR/P4/000090_depth.png 118.930 116.978 386.000 
./CVAR/P4/000091_depth.png 118.930 116.978 388.000 
./CVAR/P4/000092_depth.png 118.930 116.978 387.000 
./CVAR/P4/000093_depth.png 118.930 116.978 387.000 
./CVAR/P4/000094_depth.png 118.930 116.978 387.000 
./CVAR/P4/000095_depth.png 118.930 116.978 386.000 
./CVAR/P4/000096_depth.png 118.930 116.978 384.000 
./CVAR/P4/000097_depth.png 118.930 116.978 386.000 
./CVAR/P4/000098_depth.png 118.930 116.978 386.000 
./CVAR/P4/000099_depth.png 118.930 116.978 386.000 
./CVAR/P4/000100_depth.png 113.837 117.827 382.000 
./CVAR/P4/000101_depth.png 113.837 117.827 381.000 
./CVAR/P4/000102_depth.png 113.837 117.827 378.000 
./CVAR/P4/000103_depth.png 113.837 117.827 385.000 
./CVAR/P4/000104_depth.png 113.837 117.827 382.000 
./CVAR/P4/000105_depth.png 113.837 117.827 384.000 
./CVAR/P4/000106_depth.png 113.837 117.827 383.000 
./CVAR/P4/000107_depth.png 113.837 117.827 382.000 
./CVAR/P4/000108_depth.png 113.837 117.827 382.000 
./CVAR/P4/000109_depth.png 115.535 116.978 381.000 
./CVAR/P4/000110_depth.png 115.535 116.129 382.000 
./CVAR/P4/000111_depth.png 115.535 116.129 382.000 
./CVAR/P4/000112_depth.png 115.535 116.129 380.000 
./CVAR/P4/000113_depth.png 115.535 116.129 382.000 
./CVAR/P4/000114_depth.png 115.535 116.129 381.000 
./CVAR/P4/000115_depth.png 115.535 116.129 379.000 
./CVAR/P4/000116_depth.png 115.535 116.129 379.000 
./CVAR/P4/000117_depth.png 115.535 116.129 379.000 
./CVAR/P4/000118_depth.png 115.535 116.129 380.000 
./CVAR/P4/000119_depth.png 115.535 116.129 378.000 
./CVAR/P4/000120_depth.png 115.535 111.885 384.000 
./CVAR/P4/000121_depth.png 115.535 111.885 385.000 
./CVAR/P4/000122_depth.png 115.535 111.885 385.000 
./CVAR/P4/000123_depth.png 115.535 111.885 389.000 
./CVAR/P4/000124_depth.png 115.535 111.885 391.000 
./CVAR/P4/000125_depth.png 117.233 110.187 390.000 
./CVAR/P4/000126_depth.png 117.233 110.187 390.000 
./CVAR/P4/000127_depth.png 117.233 110.187 388.000 
./CVAR/P4/000128_depth.png 117.233 110.187 386.000 
./CVAR/P4/000129_depth.png 117.233 110.187 385.000 
./CVAR/P4/000130_depth.png 117.233 110.187 380.000 
./CVAR/P4/000131_depth.png 117.233 110.187 380.000 
./CVAR/P4/000132_depth.png 117.233 110.187 376.000 
./CVAR/P4/000133_depth.png 117.233 110.187 378.000 
./CVAR/P4/000134_depth.png 118.081 100.849 380.000 
./CVAR/P4/000135_depth.png 118.081 100.849 378.000 
./CVAR/P4/000136_depth.png 118.081 99.151 374.000 
./CVAR/P4/000137_depth.png 118.081 100.000 375.000 
./CVAR/P4/000138_depth.png 118.930 100.849 376.000 
./CVAR/P4/000139_depth.png 118.930 100.849 382.000 
./CVAR/P4/000140_depth.png 119.779 100.000 387.000 
./CVAR/P4/000141_depth.png 122.326 100.849 380.000 
./CVAR/P4/000142_depth.png 122.326 100.849 383.000 
./CVAR/P4/000143_depth.png 122.326 100.849 381.000 
./CVAR/P4/000144_depth.png 122.326 100.849 380.000 
./CVAR/P4/000145_depth.png 122.722 100.000 382.000 
./CVAR/P4/000146_depth.png 122.326 98.302 383.000 
./CVAR/P4/000147_depth.png 122.326 98.302 385.000 
./CVAR/P4/000148_depth.png 122.326 100.849 383.000 
./CVAR/P4/000149_depth.png 122.326 100.849 384.000 
./CVAR/P4/000150_depth.png 122.326 100.849 384.000 
./CVAR/P4/000151_depth.png 122.326 100.849 384.000 
./CVAR/P4/000152_depth.png 122.326 100.849 384.000 
./CVAR/P4/000153_depth.png 122.326 100.849 383.000 
./CVAR/P4/000154_depth.png 122.326 100.849 383.000 
./CVAR/P4/000155_depth.png 122.326 100.849 383.000 
./CVAR/P4/000156_depth.png 118.535 101.698 383.000 
./CVAR/P4/000157_depth.png 118.081 102.547 375.000 
./CVAR/P4/000158_depth.png 118.081 102.547 375.000 
./CVAR/P4/000159_depth.png 118.081 102.547 375.000 
./CVAR/P4/000160_depth.png 118.081 102.547 375.000 
./CVAR/P4/000161_depth.png 118.081 102.547 375.000 
./CVAR/P4/000162_depth.png 118.081 102.547 375.000 
./CVAR/P4/000163_depth.png 118.081 102.547 375.000 
./CVAR/P4/000164_depth.png 118.081 102.547 370.000 
./CVAR/P4/000165_depth.png 118.081 102.547 370.000 
./CVAR/P4/000166_depth.png 118.081 102.547 370.000 
./CVAR/P4/000167_depth.png 118.081 102.547 370.000 
./CVAR/P4/000168_depth.png 118.081 102.547 370.000 
./CVAR/P4/000169_depth.png 118.081 102.547 371.000 
./CVAR/P4/000170_depth.png 124.024 102.547 373.000 
./CVAR/P4/000171_depth.png 124.024 102.547 375.000 
./CVAR/P4/000172_depth.png 124.024 102.547 372.000 
./CVAR/P4/000173_depth.png 125.722 101.698 373.000 
./CVAR/P4/000174_depth.png 125.722 101.698 372.000 
./CVAR/P4/000175_depth.png 125.722 101.698 371.000 
./CVAR/P4/000176_depth.png 125.722 101.698 373.000 
./CVAR/P4/000177_depth.png 125.722 101.698 370.000 
./CVAR/P4/000178_depth.png 122.326 101.698 370.000 
./CVAR/P4/000179_depth.png 124.024 102.547 371.000 
./CVAR/P4/000180_depth.png 124.024 101.698 370.000 
./CVAR/P4/000181_depth.png 124.024 101.698 370.000 
./CVAR/P4/000182_depth.png 124.024 101.698 369.000 
./CVAR/P4/000183_depth.png 124.024 101.698 369.000 
./CVAR/P4/000184_depth.png 123.175 102.547 373.000 
./CVAR/P4/000185_depth.png 123.175 105.093 373.000 
./CVAR/P4/000186_depth.png 123.175 105.093 370.000 
./CVAR/P4/000187_depth.png 123.175 105.093 368.000 
./CVAR/P4/000188_depth.png 123.175 105.093 369.000 
./CVAR/P4/000189_depth.png 124.024 105.942 369.000 
./CVAR/P4/000190_depth.png 124.024 105.942 370.000 
./CVAR/P4/000191_depth.png 124.024 105.942 365.000 
./CVAR/P4/000192_depth.png 124.024 101.698 371.000 
./CVAR/P4/000193_depth.png 124.024 101.698 370.000 
./CVAR/P4/000194_depth.png 124.024 101.698 372.000 
./CVAR/P4/000195_depth.png 124.024 101.698 372.000 
./CVAR/P4/000196_depth.png 124.024 101.698 373.000 
./CVAR/P4/000197_depth.png 124.024 101.698 372.000 
./CVAR/P4/000198_depth.png 124.024 101.698 372.000 
./CVAR/P4/000199_depth.png 124.024 101.698 372.000 
./CVAR/P4/000200_depth.png 124.024 101.698 372.000 
./CVAR/P4/000201_depth.png 120.628 103.396 372.000 
./CVAR/P4/000202_depth.png 119.779 104.244 372.000 
./CVAR/P4/000203_depth.png 118.930 104.244 372.000 
./CVAR/P4/000204_depth.png 118.930 104.244 372.000 
./CVAR/P4/000205_depth.png 117.233 105.942 372.000 
./CVAR/P4/000206_depth.png 117.233 105.942 372.000 
./CVAR/P4/000207_depth.png 117.233 105.093 367.000 
./CVAR/P4/000208_depth.png 112.988 103.396 367.000 
./CVAR/P4/000209_depth.png 112.988 103.396 367.000 
./CVAR/P4/000210_depth.png 112.988 103.396 367.000 
./CVAR/P4/000211_depth.png 112.988 103.396 367.000 
./CVAR/P4/000212_depth.png 112.988 103.396 367.000 
./CVAR/P4/000213_depth.png 112.139 105.093 367.000 
./CVAR/P4/000214_depth.png 113.837 107.640 367.000 
./CVAR/P4/000215_depth.png 113.837 107.640 367.000  
./CVAR/P4/000216_depth.png 113.837 107.640 367.000 
./CVAR/P4/000217_depth.png 113.837 107.640 361.000 
./CVAR/P4/000218_depth.png 113.837 107.640 361.000 
./CVAR/P4/000219_depth.png 113.837 107.640 361.000 
./CVAR/P4/000220_depth.png 113.837 107.640 361.000 
./CVAR/P4/000221_depth.png 113.837 107.640 361.000 
./CVAR/P4/000222_depth.png 114.686 111.036 361.000 
./CVAR/P4/000223_depth.png 114.686 111.036 361.000 
./CVAR/P4/000224_depth.png 114.686 111.036 361.000 
./CVAR/P4/000225_depth.png 116.384 107.640 361.000 
./CVAR/P4/000226_depth.png 116.384 107.640 362.000 
./CVAR/P4/000227_depth.png 116.384 107.640 363.000 
./CVAR/P4/000228_depth.png 116.384 105.942 367.000 
./CVAR/P4/000229_depth.png 120.628 106.791 367.000 
./CVAR/P4/000230_depth.png 120.628 108.489 362.000 
./CVAR/P4/000231_depth.png 120.628 108.489 361.000 
./CVAR/P4/000232_depth.png 120.628 107.640 362.000 
./CVAR/P4/000233_depth.png 120.628 107.640 359.000 
./CVAR/P4/000234_depth.png 123.175 105.942 358.000 
./CVAR/P4/000235_depth.png 123.175 106.791 353.000 
./CVAR/P4/000236_depth.png 123.175 106.791 357.000 
./CVAR/P4/000237_depth.png 123.175 106.791 353.000 
./CVAR/P4/000238_depth.png 122.326 105.942 355.000 
./CVAR/P4/000239_depth.png 122.326 105.942 353.000 
./CVAR/P4/000240_depth.png 122.326 105.942 356.000 
./CVAR/P4/000241_depth.png 122.326 105.942 355.000 
./CVAR/P4/000242_depth.png 122.326 105.942 361.000 
./CVAR/P4/000243_depth.png 122.326 105.942 359.000 
./CVAR/P4/000244_depth.png 122.326 105.942 359.000 
./CVAR/P4/000245_depth.png 123.175 109.338 359.000 
./CVAR/P4/000246_depth.png 123.175 109.338 345.000 
./CVAR/P4/000247_depth.png 123.175 109.338 359.000 
./CVAR/P4/000248_depth.png 123.175 109.338 359.000 
./CVAR/P4/000249_depth.png 123.175 109.338 359.000 
./CVAR/P4/000250_depth.png 123.175 109.338 359.000 
./CVAR/P4/000251_depth.png 123.175 109.338 359.000 
./CVAR/P4/000252_depth.png 124.024 109.338 359.000 
./CVAR/P4/000253_depth.png 123.175 113.582 359.000 
./CVAR/P4/000254_depth.png 123.175 111.885 359.000 
./CVAR/P4/000255_depth.png 123.175 111.885 359.000 
./CVAR/P4/000256_depth.png 123.175 111.885 359.000 
./CVAR/P4/000257_depth.png 123.175 111.885 359.000 
./CVAR/P4/000258_depth.png 123.175 111.885 358.000 
./CVAR/P4/000259_depth.png 123.175 111.885 358.000 
./CVAR/P4/000260_depth.png 123.175 111.885 358.000 
./CVAR/P4/000261_depth.png 120.628 111.036 358.000 
./CVAR/P4/000262_depth.png 117.233 106.791 358.000 
./CVAR/P4/000263_depth.png 117.233 106.791 358.000 
./CVAR/P4/000264_depth.png 117.233 106.791 358.000 
./CVAR/P4/000265_depth.png 117.233 106.791 358.000 
./CVAR/P4/000266_depth.png 117.233 105.942 358.000 
./CVAR/P4/000267_depth.png 116.384 103.396 358.000 
./CVAR/P4/000268_depth.png 118.081 108.489 358.000 
./CVAR/P4/000269_depth.png 118.081 107.640 359.000 
./CVAR/P4/000270_depth.png 118.081 107.640 356.000 
./CVAR/P4/000271_depth.png 118.081 107.640 359.000 
./CVAR/P4/000272_depth.png 121.477 105.093 360.000 
./CVAR/P4/000273_depth.png 120.628 105.942 362.000 
./CVAR/P4/000274_depth.png 120.628 105.942 361.000 
./CVAR/P4/000275_depth.png 120.628 105.942 354.000 
./CVAR/P4/000276_depth.png 121.477 109.338 353.000 
./CVAR/P4/000277_depth.png 124.024 108.489 349.000 
./CVAR/P4/000278_depth.png 123.175 107.640 352.000 
./CVAR/P4/000279_depth.png 122.326 106.791 351.000 
./CVAR/P4/000280_depth.png 122.326 106.791 347.000 
./CVAR/P4/000281_depth.png 122.326 106.791 352.000 
./CVAR/P4/000282_depth.png 122.326 106.791 348.000 
./CVAR/P4/000283_depth.png 122.326 106.791 349.000 
./CVAR/P4/000284_depth.png 122.326 106.791 352.000 
./CVAR/P4/000285_depth.png 122.326 106.791 354.000 
./CVAR/P4/000286_depth.png 122.326 106.791 349.000 
./CVAR/P4/000287_depth.png 122.326 106.791 348.000 
./CVAR/P4/000288_depth.png 122.326 106.791 346.000 
./CVAR/P4/000289_depth.png 122.326 106.791 345.000 
./CVAR/P4/000290_depth.png 122.326 106.791 346.000 
./CVAR/P4/000291_depth.png 122.326 106.791 346.000 
./CVAR/P4/000292_depth.png 122.326 106.791 346.000 
./CVAR/P4/000293_depth.png 122.326 106.791 351.000 
./CVAR/P4/000294_depth.png 120.628 108.489 351.000 
./CVAR/P4/000295_depth.png 120.628 108.489 351.000 
./CVAR/P4/000296_depth.png 120.628 107.640 351.000 
./CVAR/P4/000297_depth.png 120.628 113.582 346.000 
./CVAR/P4/000298_depth.png 120.628 113.582 345.000 
./CVAR/P4/000299_depth.png 122.326 115.280 349.000 
./CVAR/P4/000300_depth.png 122.326 115.280 347.000 
./CVAR/P4/000301_depth.png 122.326 115.280 345.000 
./CVAR/P4/000302_depth.png 122.326 115.280 346.000 
./CVAR/P4/000303_depth.png 122.326 114.431 337.000 
./CVAR/P4/000304_depth.png 120.628 114.431 348.000 
./CVAR/P4/000305_depth.png 119.779 114.431 349.000 
./CVAR/P4/000306_depth.png 119.779 114.431 349.000 
./CVAR/P4/000307_depth.png 120.628 114.431 347.000 
./CVAR/P4/000308_depth.png 120.628 114.431 345.000 
./CVAR/P4/000309_depth.png 120.628 114.431 349.000 
./CVAR/P4/000310_depth.png 120.628 114.431 344.000 
./CVAR/P4/000311_depth.png 120.628 114.431 346.000 
./CVAR/P4/000312_depth.png 120.628 114.431 345.000 
./CVAR/P4/000313_depth.png 122.326 114.431 348.000 
./CVAR/P4/000314_depth.png 120.628 108.489 347.000 
./CVAR/P4/000315_depth.png 120.628 108.489 351.000 
./CVAR/P4/000316_depth.png 120.628 108.489 351.000 
./CVAR/P4/000317_depth.png 120.628 108.489 350.000 
./CVAR/P4/000318_depth.png 120.628 108.489 351.000 
./CVAR/P4/000319_depth.png 120.628 108.489 352.000 
./CVAR/P4/000320_depth.png 120.628 108.489 348.000 
./CVAR/P4/000321_depth.png 120.628 108.489 352.000 
./CVAR/P4/000322_depth.png 120.628 108.489 351.000 
./CVAR/P4/000323_depth.png 120.628 108.489 348.000 
./CVAR/P4/000324_depth.png 120.628 108.489 348.000 
./CVAR/P4/000325_depth.png 120.628 108.489 352.000 
./CVAR/P4/000326_depth.png 120.628 108.489 349.000 
./CVAR/P4/000327_depth.png 120.628 108.489 351.000 
./CVAR/P4/000328_depth.png 120.628 108.489 348.000 
./CVAR/P4/000329_depth.png 120.628 108.489 348.000 
./CVAR/P4/000330_depth.png 121.477 105.942 348.000 
./CVAR/P4/000331_depth.png 119.779 107.640 349.000 
./CVAR/P4/000332_depth.png 119.779 107.640 351.000 
./CVAR/P4/000333_depth.png 119.779 107.640 350.000 
./CVAR/P4/000334_depth.png 119.779 107.640 349.000 
./CVAR/P4/000335_depth.png 119.779 107.640 349.000 
./CVAR/P4/000336_depth.png 120.628 107.640 350.000 
./CVAR/P4/000337_depth.png 120.628 107.640 349.000 
./CVAR/P4/000338_depth.png 120.628 107.640 350.000 
./CVAR/P4/000339_depth.png 121.477 107.640 351.000 
./CVAR/P4/000340_depth.png 118.081 103.396 349.000 
./CVAR/P4/000341_depth.png 118.081 103.396 349.000 
./CVAR/P4/000342_depth.png 118.081 103.396 348.000 
./CVAR/P4/000343_depth.png 118.081 103.396 350.000 
./CVAR/P4/000344_depth.png 118.081 103.396 347.000 
./CVAR/P4/000345_depth.png 119.779 106.791 350.000 
./CVAR/P4/000346_depth.png 119.779 106.791 348.000 
./CVAR/P4/000347_depth.png 119.779 106.791 348.000 
./CVAR/P4/000348_depth.png 119.779 106.791 349.000 
./CVAR/P4/000349_depth.png 119.779 106.791 348.000 
./CVAR/P4/000350_depth.png 119.779 106.791 348.000 
./CVAR/P4/000351_depth.png 118.930 100.849 350.000 
./CVAR/P4/000352_depth.png 115.535 104.244 348.000 
./CVAR/P4/000353_depth.png 115.535 104.244 349.000 
./CVAR/P4/000354_depth.png 115.535 104.244 346.000 
./CVAR/P4/000355_depth.png 115.535 104.244 350.000 
./CVAR/P4/000356_depth.png 115.535 104.244 349.000 
./CVAR/P4/000357_depth.png 115.535 104.244 350.000 
./CVAR/P4/000358_depth.png 116.384 104.244 350.000 
./CVAR/P4/000359_depth.png 116.384 102.547 352.000 
./CVAR/P4/000360_depth.png 116.384 102.547 350.000 
./CVAR/P4/000361_depth.png 116.384 102.547 349.000 
./CVAR/P4/000362_depth.png 116.384 102.547 347.000 
./CVAR/P4/000363_depth.png 116.384 102.547 351.000 
./CVAR/P4/000364_depth.png 116.384 102.547 347.000 
./CVAR/P4/000365_depth.png 116.384 102.547 351.000 
./CVAR/P4/000366_depth.png 116.384 102.547 350.000 
./CVAR/P4/000367_depth.png 116.384 102.547 346.000 
./CVAR/P4/000368_depth.png 116.384 102.547 349.000 
./CVAR/P4/000369_depth.png 116.384 102.547 348.000 
./CVAR/P4/000370_depth.png 116.384 102.547 346.000 
./CVAR/P4/000371_depth.png 116.384 102.547 347.000 
./CVAR/P4/000372_depth.png 116.384 104.244 347.000 
./CVAR/P4/000373_depth.png 116.384 104.244 346.000 
./CVAR/P4/000374_depth.png 116.384 102.547 348.000 
./CVAR/P4/000375_depth.png 116.384 102.547 346.000 
./CVAR/P4/000376_depth.png 116.384 102.547 345.000 
./CVAR/P4/000377_depth.png 116.384 102.547 345.000 
./CVAR/P4/000378_depth.png 116.384 102.547 347.000 
./CVAR/P4/000379_depth.png 116.384 102.547 348.000 
./CVAR/P4/000380_depth.png 116.384 102.547 347.000 
