000000_depth.png 87.253 120.602 340.289 109.734 101.457 360.145 128.539 93.275 371.147 147.839 100.169 381.205 189.561 140.730 335.058
000001_depth.png 84.434 120.300 335.309 110.490 103.746 356.660 130.153 98.048 366.151 151.070 106.031 375.977 191.155 150.438 330.943
000002_depth.png 89.826 127.880 352.809 111.987 110.073 375.373 132.627 104.286 395.881 147.817 113.346 369.166 187.300 158.313 340.146
000003_depth.png 87.728 124.885 364.382 111.459 106.531 384.708 129.431 100.018 394.133 149.130 106.328 405.270 188.533 152.503 358.936
000004_depth.png 84.341 121.045 368.871 106.659 102.566 389.354 124.982 94.507 399.383 144.134 102.820 410.276 184.688 146.811 363.970
000005_depth.png 82.574 121.526 376.514 102.327 101.214 401.053 121.883 94.473 420.417 137.445 102.092 393.570 177.862 145.703 364.277
000006_depth.png 77.353 117.087 374.193 99.494 99.218 394.513 116.987 92.506 404.434 135.282 99.211 414.822 175.511 141.525 368.448
000007_depth.png 76.360 118.330 376.634 97.418 98.140 401.384 115.847 91.140 420.472 131.448 99.133 393.442 172.463 142.381 363.672
000008_depth.png 72.764 113.722 371.300 95.318 95.516 388.966 113.057 87.882 399.875 131.272 94.701 409.489 172.680 136.735 368.490
000009_depth.png 72.790 116.030 376.277 94.893 97.420 393.727 113.233 90.453 406.250 130.276 95.964 416.142 172.438 138.940 369.631
000010_depth.png 72.232 117.288 374.138 94.542 98.377 394.423 112.680 90.130 404.629 132.203 97.491 415.607 172.126 140.119 369.008
000011_depth.png 74.782 115.642 375.767 96.749 97.829 395.179 114.179 90.794 406.226 131.344 96.417 416.034 172.824 138.238 369.255
000012_depth.png 75.550 111.151 374.245 97.931 92.995 393.964 116.088 86.142 405.335 133.125 91.904 415.088 175.085 133.524 368.200
000013_depth.png 74.963 107.385 363.414 97.534 88.229 383.438 115.026 80.572 393.550 133.720 87.981 404.498 175.674 130.408 357.921
000014_depth.png 74.064 103.385 362.551 96.962 84.462 382.715 115.360 76.080 392.831 135.227 84.423 403.490 176.703 126.405 357.061
000015_depth.png 77.282 99.551 358.671 99.365 78.735 383.736 119.602 71.942 402.606 136.009 78.897 375.611 180.374 123.222 346.447
000016_depth.png 78.939 95.613 355.297 101.528 76.174 374.494 120.163 68.716 384.514 139.518 77.612 395.353 183.279 120.625 348.955
000017_depth.png 78.139 94.147 354.146 101.087 75.240 374.287 120.423 67.199 384.677 140.626 76.049 395.692 183.835 119.086 349.089
000018_depth.png 73.835 91.321 346.425 97.354 70.768 366.390 115.637 63.495 376.123 135.273 71.590 387.530 180.597 114.165 341.071
000019_depth.png 74.359 90.049 341.692 96.464 69.326 361.694 115.005 61.764 371.383 134.653 69.922 382.373 180.526 112.667 336.018
000020_depth.png 72.915 92.473 348.104 96.219 71.014 373.115 116.358 63.983 391.587 133.485 70.368 364.577 179.096 113.968 335.323
000021_depth.png 72.019 89.380 349.221 97.074 69.330 369.247 115.499 62.625 380.269 133.906 69.780 389.905 179.299 111.264 343.186
000022_depth.png 73.203 90.488 344.511 96.954 70.176 357.730 116.362 61.811 370.709 134.647 67.138 378.456 179.062 111.967 339.649
000023_depth.png 72.684 90.274 344.804 97.700 71.571 361.968 117.396 62.023 372.710 134.203 67.155 382.578 178.129 112.504 338.752
000024_depth.png 72.972 91.808 351.817 97.336 70.565 377.437 117.464 64.253 395.221 134.105 69.951 368.176 177.721 110.613 339.609
000025_depth.png 72.398 91.653 350.612 96.199 70.207 376.035 116.167 63.861 394.291 132.662 69.686 366.939 176.735 110.736 338.534
000026_depth.png 71.942 90.681 348.894 95.987 69.917 374.132 115.785 63.634 392.271 132.484 69.446 364.956 174.950 109.489 336.643
000027_depth.png 72.015 90.666 348.932 96.047 69.470 374.364 115.732 63.116 391.857 132.484 68.400 365.331 174.579 108.413 336.900
000028_depth.png 71.803 85.582 345.197 96.491 66.588 364.194 116.052 61.218 374.110 133.512 67.770 385.185 174.992 104.675 339.146
000029_depth.png 71.008 87.940 347.191 96.500 67.137 372.170 115.158 61.371 390.361 130.656 67.004 363.347 172.996 105.227 334.911
000030_depth.png 71.767 88.250 347.826 96.439 67.386 372.629 115.853 61.446 391.228 130.997 67.209 363.975 172.222 104.820 335.844
000031_depth.png 71.395 87.998 341.527 96.102 67.771 366.805 115.659 61.900 387.239 130.909 66.992 364.317 172.559 103.097 340.245
000032_depth.png 71.622 88.801 350.080 96.440 68.027 374.956 115.862 62.070 393.598 129.851 68.053 365.430 169.401 101.828 338.013
000033_depth.png 72.411 88.043 351.195 96.688 66.734 365.438 116.921 65.026 392.969 129.461 72.914 356.900 163.823 102.428 331.029
000034_depth.png 72.060 87.817 348.222 96.538 66.300 362.361 117.000 64.788 390.102 129.591 73.447 353.133 160.088 100.065 328.141
000035_depth.png 73.144 87.586 347.964 97.995 66.251 362.350 118.422 64.731 390.057 131.052 73.374 353.183 159.656 99.914 328.447
000036_depth.png 72.920 87.342 350.130 97.822 66.661 362.026 117.345 61.615 393.388 130.815 74.490 369.994 157.200 97.269 328.768
000037_depth.png 73.238 86.316 351.222 98.703 65.210 365.743 117.342 60.985 393.179 131.227 77.012 354.008 156.395 97.171 331.117
000038_depth.png 73.748 86.041 346.412 98.830 64.617 360.635 118.380 60.489 388.191 131.531 78.349 348.282 153.744 95.171 325.905
000039_depth.png 74.249 87.860 351.318 98.278 66.198 368.394 118.995 59.682 377.894 136.643 86.769 328.478 146.304 97.352 317.041
000040_depth.png 75.300 90.267 349.477 99.827 67.627 367.611 119.150 60.253 375.720 135.469 86.476 324.856 144.324 96.795 315.246
000041_depth.png 75.081 88.150 351.407 99.555 67.631 369.311 119.344 60.863 378.284 135.874 88.365 328.437 144.314 97.332 317.653
000042_depth.png 75.474 90.628 354.502 99.298 68.462 372.643 119.992 61.772 381.087 135.425 86.871 329.964 143.860 96.368 320.846
000043_depth.png 75.750 90.347 354.614 99.696 68.296 372.729 119.975 61.830 381.114 135.070 87.125 329.796 143.273 96.755 320.504
000044_depth.png 75.169 87.850 351.316 99.252 66.463 368.654 119.951 60.965 378.396 133.887 86.875 326.045 141.202 95.758 316.580
000045_depth.png 75.243 87.907 351.353 99.278 66.443 368.642 118.903 61.056 378.520 132.425 86.875 326.046 140.404 95.364 316.777
000046_depth.png 77.208 90.234 351.141 100.703 67.665 369.498 119.799 62.106 378.179 134.710 89.070 326.206 140.469 96.741 316.724
000047_depth.png 76.165 88.697 351.735 100.518 67.998 369.580 119.972 62.666 379.540 133.177 88.918 326.952 141.090 97.197 317.423
000048_depth.png 78.421 91.442 354.440 103.454 71.009 375.209 121.784 65.141 393.012 138.588 92.719 332.079 142.040 96.881 318.921
000049_depth.png 77.914 92.360 356.948 102.590 71.129 374.707 121.848 65.910 397.591 137.678 91.346 330.608 142.189 96.865 320.266
000050_depth.png 77.146 92.530 357.501 102.256 71.232 375.566 120.501 65.935 398.619 137.281 91.317 331.789 141.414 96.887 320.770
000051_depth.png 77.074 90.921 357.684 101.985 70.434 372.422 120.721 65.672 398.621 136.582 91.865 326.676 140.984 95.748 320.184
000052_depth.png 77.948 91.214 361.152 102.838 70.760 378.043 121.489 64.859 398.320 137.920 92.337 326.529 142.003 96.713 320.413
000053_depth.png 77.404 91.726 356.335 102.638 70.609 374.214 122.022 65.792 397.553 137.680 91.319 330.616 142.980 97.132 320.668
000054_depth.png 79.541 89.740 350.227 104.531 70.174 370.612 123.222 64.499 388.817 140.003 92.515 327.991 144.125 96.728 314.932
000055_depth.png 80.000 90.582 352.047 103.902 68.639 370.326 120.933 63.046 378.762 137.697 90.719 327.343 144.703 97.687 318.089
000056_depth.png 79.634 90.376 354.376 103.942 70.990 371.785 121.220 62.877 380.601 137.235 90.320 329.305 145.477 98.164 319.892
000057_depth.png 80.178 89.345 345.884 104.099 68.688 370.893 122.242 63.312 380.068 139.124 91.143 320.791 145.819 97.320 319.188
000058_depth.png 80.765 90.653 355.244 103.637 71.030 372.666 121.994 62.476 381.618 137.139 90.230 330.610 145.245 98.594 320.810
000059_depth.png 80.594 90.391 355.101 104.045 68.572 373.172 121.225 62.661 381.473 139.261 90.320 330.369 146.545 97.313 321.822
000060_depth.png 80.328 90.614 350.126 103.758 67.726 372.148 120.979 61.304 380.158 133.515 86.045 339.000 148.657 92.132 313.673
000061_depth.png 80.588 89.833 352.042 102.972 67.009 368.125 123.491 60.280 382.000 136.595 79.555 346.525 150.534 91.721 306.924
000062_depth.png 79.187 91.073 351.085 103.568 66.673 365.000 122.215 59.391 381.368 135.629 74.929 367.145 149.414 93.900 309.000
000063_depth.png 79.446 91.645 351.334 103.563 67.275 372.078 122.868 62.468 376.021 135.443 74.484 374.456 151.094 93.493 308.605
000064_depth.png 80.866 91.502 352.904 103.705 68.638 369.079 123.727 62.023 378.143 137.019 74.636 367.774 152.240 93.569 310.919
000065_depth.png 81.859 91.522 351.188 104.494 68.333 368.057 123.042 61.290 376.124 136.821 74.581 372.813 153.994 92.992 310.256
000066_depth.png 79.678 94.713 353.006 103.823 71.595 368.939 121.858 65.214 377.958 137.114 67.340 358.054 155.158 93.828 322.029
000067_depth.png 78.777 95.444 354.016 103.942 71.564 372.398 121.686 64.934 380.078 137.083 68.215 360.621 160.938 95.547 337.327
000068_depth.png 78.757 95.388 352.004 103.932 71.631 371.330 121.411 64.717 382.087 137.128 68.011 361.576 161.647 96.122 336.040
000069_depth.png 80.011 92.798 357.064 103.693 71.993 373.856 121.396 64.688 392.219 137.250 68.618 376.966 170.544 95.855 335.501
000070_depth.png 79.055 92.874 359.147 102.382 72.243 375.878 120.465 64.847 394.310 135.958 69.312 379.160 172.175 98.014 337.672
000071_depth.png 79.401 93.275 362.178 102.889 72.610 379.064 119.835 65.344 397.259 135.714 69.718 382.166 174.536 99.500 340.873
000072_depth.png 76.460 94.741 359.294 101.202 73.684 376.003 119.368 66.509 394.720 135.755 69.821 379.275 177.281 102.409 337.287
000073_depth.png 76.461 94.755 359.308 101.356 73.713 376.070 119.655 66.492 394.812 135.826 69.796 379.280 178.077 103.402 337.754
000074_depth.png 77.102 94.996 363.390 101.204 74.094 379.934 119.646 66.940 398.817 136.976 70.304 383.286 178.391 103.669 341.912
000075_depth.png 76.654 96.341 357.036 100.554 74.672 375.472 118.887 67.518 396.365 137.731 70.533 369.664 179.382 104.424 337.655
000076_depth.png 76.135 96.216 354.205 100.271 75.660 370.627 118.824 68.030 388.856 140.504 72.349 373.746 179.111 106.808 332.838
000077_depth.png 76.267 96.760 359.168 101.124 76.625 375.369 118.668 69.029 393.793 142.716 74.376 378.698 180.139 110.498 338.037
000078_depth.png 75.579 100.139 358.568 99.490 76.647 369.491 116.536 69.479 391.719 141.256 76.222 387.716 181.993 111.010 339.469
000079_depth.png 74.420 97.766 362.161 98.024 76.763 378.521 114.950 70.095 396.507 140.342 75.013 381.916 180.094 112.818 340.911
000080_depth.png 73.454 98.409 360.031 96.926 76.537 375.768 114.876 69.738 393.479 139.064 74.641 378.778 180.310 111.669 338.016
000081_depth.png 73.404 98.865 360.943 96.968 77.575 377.169 114.981 69.533 394.873 138.837 74.018 379.817 180.401 110.570 338.929
000082_depth.png 73.855 96.723 357.205 97.687 74.545 374.034 114.764 67.566 391.721 139.283 73.433 376.749 181.117 112.000 335.792
000083_depth.png 73.803 97.004 358.463 97.739 73.242 375.102 114.877 65.819 393.022 139.233 72.104 377.908 179.521 109.200 336.694
000084_depth.png 77.313 95.300 366.807 99.486 75.048 392.820 117.330 68.745 376.960 135.517 76.358 401.641 170.472 101.125 330.189
000085_depth.png 77.998 96.916 370.968 99.775 76.623 396.931 117.541 70.624 380.852 135.866 77.183 405.554 168.505 98.947 333.887
000086_depth.png 79.399 96.720 370.305 101.316 76.491 397.300 117.602 70.393 379.806 136.210 77.051 402.979 168.937 98.943 333.984
000087_depth.png 79.887 97.018 375.919 101.291 76.951 401.697 117.575 71.153 385.964 135.724 77.752 410.566 167.453 99.479 339.070
000088_depth.png 77.594 96.902 365.031 115.362 93.102 387.193 115.754 73.590 391.927 134.784 73.750 393.652 163.130 97.584 333.218
000089_depth.png 77.156 96.685 372.961 101.047 76.368 395.524 116.209 73.181 353.473 133.889 74.904 405.439 159.244 95.790 323.400
000090_depth.png 77.795 94.425 365.119 100.385 75.024 371.181 117.465 73.361 348.522 134.484 75.187 393.316 145.426 89.559 314.856
000091_depth.png 77.999 94.701 367.580 100.248 75.064 368.986 117.040 73.687 349.300 133.928 74.452 388.335 142.361 89.565 314.640
000092_depth.png 79.050 95.848 365.989 101.418 76.367 371.958 117.852 74.834 348.693 133.764 75.939 394.407 140.078 89.769 315.820
000093_depth.png 79.078 95.919 366.026 101.437 76.712 372.123 117.835 75.142 349.263 133.730 77.360 394.427 138.680 90.463 315.731
000094_depth.png 79.009 97.195 365.975 101.393 77.758 371.951 117.244 76.362 348.630 132.264 76.571 394.475 135.927 90.377 315.744
000095_depth.png 75.543 96.499 369.925 99.490 76.305 372.410 116.554 78.059 383.170 133.368 79.584 392.007 126.878 88.895 341.712
000096_depth.png 77.238 96.913 362.937 99.914 78.032 368.520 115.411 79.735 344.863 129.565 76.304 391.493 133.284 90.079 312.771
000097_depth.png 76.173 95.733 367.176 98.080 77.578 368.166 117.746 87.019 335.771 131.403 77.277 395.403 120.499 90.182 315.878
000098_depth.png 76.451 96.310 372.280 98.410 78.105 377.149 117.232 89.004 328.371 130.036 77.563 384.936 120.677 92.289 311.974
000099_depth.png 76.260 95.622 367.197 98.125 78.794 367.915 117.692 88.662 335.696 130.526 78.465 395.403 120.493 92.453 316.377
000100_depth.png 76.378 97.167 372.106 95.907 75.252 362.828 113.164 86.098 329.570 130.219 79.455 396.216 126.812 92.077 319.515
000101_depth.png 75.834 98.992 371.542 95.116 76.224 363.127 113.500 86.822 329.205 129.254 80.319 395.344 126.812 93.648 319.198
000102_depth.png 76.795 99.640 367.856 94.152 75.201 360.542 114.070 87.468 327.492 129.765 79.852 392.432 126.511 92.763 315.656
000103_depth.png 75.504 100.601 375.198 93.865 75.764 367.854 114.116 88.080 334.840 128.625 80.397 399.484 126.689 93.447 323.063
000104_depth.png 76.183 100.308 372.012 94.349 75.368 364.345 114.086 87.757 331.490 129.576 80.154 396.381 126.813 93.178 319.766
000105_depth.png 76.731 99.683 374.193 93.773 75.211 366.307 114.186 87.875 333.362 128.939 80.035 398.369 125.844 93.055 321.319
000106_depth.png 77.320 99.981 372.848 94.404 75.528 365.370 114.093 87.819 332.494 129.544 80.303 397.395 126.811 93.305 320.780
000107_depth.png 77.307 99.886 371.881 94.340 75.194 364.195 114.103 87.759 331.460 129.616 80.156 396.392 126.813 93.211 319.771
000108_depth.png 77.268 99.893 371.870 94.340 75.151 364.166 114.201 87.606 331.431 129.519 80.044 396.344 126.811 93.112 319.753
000109_depth.png 76.481 99.408 370.959 94.076 75.752 363.332 113.257 85.797 329.171 130.277 81.788 395.280 127.140 95.202 318.884
000110_depth.png 76.509 99.914 372.073 93.962 75.737 362.857 110.068 85.233 386.775 129.306 79.771 393.518 117.063 89.170 315.132
000111_depth.png 76.584 99.994 371.974 94.370 75.675 365.040 113.301 86.304 330.187 130.255 81.133 396.283 127.083 94.259 319.883
000112_depth.png 76.531 97.899 370.157 93.815 74.336 362.131 112.630 85.482 327.665 129.272 79.109 394.267 126.953 91.889 317.915
000113_depth.png 76.554 98.524 371.950 93.919 74.458 363.727 114.345 82.314 331.299 130.356 79.662 396.251 128.259 92.866 320.059
000114_depth.png 77.906 97.848 371.091 95.026 73.987 362.711 113.421 81.457 328.725 130.643 78.003 395.258 126.927 90.187 318.663
000115_depth.png 77.469 97.894 368.990 93.613 72.875 359.996 111.733 75.562 326.266 129.479 75.829 393.220 126.078 87.260 316.057
000116_depth.png 77.637 96.812 374.849 95.209 72.311 360.157 112.472 74.944 312.000 130.020 74.714 384.274 126.290 87.256 312.217
000117_depth.png 77.470 96.574 368.994 93.765 72.271 360.853 111.045 72.856 326.931 130.398 75.864 393.062 126.082 87.857 315.336
000118_depth.png 76.720 97.592 370.184 92.997 72.608 362.982 109.807 72.268 328.901 130.438 76.166 394.039 127.287 87.983 316.298
000119_depth.png 77.248 97.681 367.087 93.835 72.675 358.018 110.431 69.862 341.164 130.698 74.747 393.352 140.099 88.367 304.337
000120_depth.png 76.582 97.917 366.602 92.840 73.281 363.942 108.728 65.282 361.052 129.862 70.824 391.815 146.536 87.055 311.463
000121_depth.png 75.227 97.403 367.332 91.570 72.261 365.012 108.912 64.376 362.630 129.943 70.589 392.601 147.550 86.645 312.196
000122_depth.png 75.299 98.023 368.435 91.581 73.709 363.438 110.322 65.523 358.556 131.526 72.254 392.577 151.578 88.152 313.125
000123_depth.png 75.074 98.255 371.167 91.739 74.037 368.981 110.949 65.117 366.484 131.957 73.393 397.621 153.244 90.680 316.861
000124_depth.png 72.589 98.224 362.541 91.517 78.707 374.341 109.218 67.907 387.452 130.554 69.050 395.001 159.236 91.056 309.011
000125_depth.png 71.604 97.809 364.000 91.308 76.921 372.910 109.610 69.217 390.984 131.761 70.368 392.060 162.580 93.476 314.015
000126_depth.png 69.916 99.487 363.001 89.203 76.837 382.237 109.791 69.758 393.566 131.856 71.644 391.108 166.566 100.019 319.638
000127_depth.png 68.452 99.637 362.036 89.903 77.764 371.973 109.732 69.365 387.627 130.741 71.519 385.076 167.267 101.433 316.303
000128_depth.png 68.478 99.874 358.750 90.156 73.967 369.942 110.842 66.585 393.751 132.065 70.732 377.776 173.631 102.072 322.400
000129_depth.png 68.219 99.736 360.299 90.154 73.635 369.455 110.736 66.522 387.906 132.488 71.440 387.944 174.268 105.623 328.496
000130_depth.png 67.090 96.172 352.927 89.575 71.812 369.058 110.897 63.566 388.292 133.220 68.831 371.820 176.801 105.605 330.828
000131_depth.png 66.213 96.479 352.352 89.619 71.516 369.121 108.719 62.755 387.320 133.219 68.807 371.716 177.146 106.682 330.772
000132_depth.png 65.399 94.209 348.447 89.069 68.674 364.194 107.869 62.776 384.381 133.375 67.339 367.174 177.789 106.907 326.819
000133_depth.png 64.902 94.289 350.427 89.440 68.095 366.577 108.223 62.317 386.731 133.266 67.444 369.066 177.882 106.608 328.583
000134_depth.png 69.943 92.576 341.572 93.089 67.254 340.029 114.386 58.935 362.325 135.639 65.127 369.719 182.577 106.298 322.659
000135_depth.png 69.944 91.417 339.603 93.223 65.872 338.042 114.613 57.360 360.165 136.281 63.702 367.806 183.027 106.319 320.592
000136_depth.png 69.234 90.543 335.498 93.075 64.123 334.473 115.806 56.688 356.358 136.480 64.165 363.740 184.209 106.174 316.536
000137_depth.png 70.509 89.769 336.361 94.411 64.466 334.971 116.021 56.179 357.282 137.844 63.855 364.788 183.605 106.144 317.690
000138_depth.png 71.498 89.288 337.308 95.329 64.005 335.882 116.783 55.738 358.208 138.719 63.349 365.771 183.996 105.350 318.724
000139_depth.png 73.478 88.998 343.701 97.734 64.185 344.188 118.853 56.604 367.454 140.608 63.599 369.783 186.180 104.622 320.671
000140_depth.png 75.351 88.799 348.379 99.878 65.150 346.637 120.721 57.331 369.052 142.082 64.972 376.856 184.315 104.268 330.174
000141_depth.png 75.991 88.644 340.578 99.227 65.201 339.015 120.233 57.391 362.114 140.962 63.785 369.849 182.825 102.900 323.116
000142_depth.png 76.422 88.705 343.704 100.283 64.870 342.965 120.257 56.997 365.847 141.198 62.957 373.012 180.888 100.850 326.267
000143_depth.png 77.985 86.142 356.112 99.462 67.342 369.976 118.944 53.633 389.394 140.333 59.190 372.626 169.308 95.431 328.138
000144_depth.png 78.841 85.828 354.770 99.831 67.445 368.646 119.791 53.078 388.081 139.528 58.265 369.095 163.778 91.949 327.052
000145_depth.png 77.282 83.523 331.842 101.362 67.711 349.651 118.095 53.877 354.717 137.388 62.647 372.793 153.356 87.340 289.787
000146_depth.png 75.904 83.469 334.836 103.739 69.150 350.713 117.712 53.386 350.023 137.471 61.796 367.371 145.447 83.299 290.743
000147_depth.png 77.408 83.587 343.321 101.818 72.431 368.976 117.702 54.335 351.031 137.239 61.649 371.658 135.293 84.940 314.724
000148_depth.png 77.417 83.997 330.559 106.406 74.592 357.813 116.317 55.193 350.733 135.906 62.483 363.462 128.306 86.691 292.073
000149_depth.png 77.023 84.474 331.560 114.434 80.310 311.710 115.488 55.350 365.862 135.249 62.000 368.944 124.086 82.487 304.072
000150_depth.png 77.854 83.019 331.816 115.558 83.647 312.480 115.562 57.142 367.199 136.281 64.040 368.756 116.967 85.913 301.821
000151_depth.png 79.125 82.752 332.005 116.529 84.254 312.098 114.920 56.136 367.483 136.643 63.115 369.046 115.886 85.851 301.775
000152_depth.png 79.086 82.770 331.983 116.968 85.825 312.811 115.147 56.172 367.534 136.655 63.264 369.084 115.563 86.966 301.909
000153_depth.png 79.288 82.014 330.450 115.745 86.359 310.510 114.884 56.469 367.101 135.813 63.659 367.911 116.230 87.876 301.084
000154_depth.png 77.903 82.695 330.283 115.031 87.690 310.993 115.192 57.548 366.924 135.812 65.023 367.903 116.592 89.188 301.091
000155_depth.png 78.232 83.545 330.639 114.602 87.904 310.802 114.943 57.808 367.071 135.812 65.069 367.860 116.118 89.386 301.048
000156_depth.png 75.924 84.477 333.932 113.822 89.009 309.759 114.145 58.375 375.874 134.071 63.544 345.999 116.030 89.217 301.358
000157_depth.png 76.891 84.631 322.957 114.230 87.624 301.994 114.187 57.940 359.009 137.252 66.610 359.984 115.688 89.101 293.052
000158_depth.png 73.962 82.781 322.568 112.809 87.734 302.373 113.293 58.025 358.602 134.375 65.577 359.857 114.291 89.125 293.389
000159_depth.png 73.947 82.876 322.591 112.808 88.117 302.776 113.365 58.116 358.680 134.375 65.544 359.850 114.251 89.545 293.424
000160_depth.png 75.533 84.700 322.992 112.801 87.624 301.978 112.759 58.005 359.065 135.809 66.463 359.993 114.245 89.047 293.036
000161_depth.png 73.911 82.916 322.574 112.808 87.651 302.373 111.868 58.083 358.713 134.340 66.714 359.790 114.213 89.055 293.361
000162_depth.png 73.911 82.915 322.580 112.809 87.650 302.376 111.868 58.083 358.713 134.340 66.714 359.790 114.213 89.055 293.365
000163_depth.png 73.911 82.916 322.580 112.809 87.650 302.377 111.868 58.083 358.715 134.341 66.714 359.792 114.213 89.055 293.364
000164_depth.png 74.938 82.869 318.369 112.729 87.460 297.493 111.247 57.272 353.962 134.589 65.629 354.875 114.188 88.573 288.255
000165_depth.png 74.827 82.730 318.290 112.736 86.016 297.457 111.109 57.022 353.620 134.531 64.948 354.686 114.215 87.493 288.393
000166_depth.png 74.850 82.749 318.304 112.721 86.005 297.487 111.124 57.012 353.617 134.531 64.938 354.688 114.197 87.472 288.380
000167_depth.png 74.962 82.363 318.295 113.885 84.562 298.605 112.195 55.891 353.836 134.138 63.357 354.583 114.572 87.469 287.563
000168_depth.png 75.006 82.331 318.286 114.111 84.693 298.343 112.191 55.908 353.805 133.980 62.501 354.712 115.643 87.380 287.752
000169_depth.png 77.481 83.338 319.329 115.667 84.059 299.922 115.601 55.845 354.337 136.364 63.172 355.409 115.634 87.238 287.660
000170_depth.png 75.979 84.600 320.573 114.378 83.398 300.510 114.966 55.775 354.696 135.026 62.440 357.784 123.634 84.354 291.605
000171_depth.png 76.083 82.675 322.203 114.506 68.702 302.922 116.435 54.078 357.287 138.690 64.452 360.500 138.274 88.423 294.082
000172_depth.png 77.256 83.417 318.212 106.904 72.096 302.570 118.747 54.207 347.782 139.430 57.939 358.405 159.420 94.429 298.315
000173_depth.png 76.730 83.136 322.349 105.588 68.580 301.841 118.606 53.684 349.335 139.590 58.497 355.178 161.740 93.515 304.371
000174_depth.png 76.219 83.928 318.168 104.003 67.271 303.717 118.514 53.191 347.990 138.206 58.896 359.513 161.422 94.783 298.073
000175_depth.png 76.169 84.012 317.244 103.896 67.077 303.087 118.515 53.015 346.971 138.245 58.789 358.530 162.207 94.515 297.035
000176_depth.png 76.271 84.857 318.553 101.482 63.936 306.441 119.566 53.519 349.387 138.534 59.149 360.630 162.184 94.684 299.348
000177_depth.png 75.050 85.457 315.954 99.574 63.457 303.583 118.312 53.115 346.278 138.214 58.812 357.603 161.353 94.754 296.230
000178_depth.png 74.346 85.427 344.966 93.504 58.747 358.948 117.225 52.709 378.146 139.044 58.345 361.383 168.328 96.987 315.960
000179_depth.png 72.176 84.971 344.182 92.525 60.201 360.722 117.477 53.736 379.451 139.152 59.441 362.448 171.047 98.131 317.191
000180_depth.png 69.577 86.158 343.349 89.822 60.349 360.273 116.005 54.114 378.400 137.973 59.333 361.867 174.014 93.059 319.819
000181_depth.png 69.570 86.160 343.359 89.825 60.368 360.280 116.000 54.113 378.388 137.961 59.336 361.862 175.595 94.254 319.707
000182_depth.png 70.295 87.319 341.945 90.854 61.691 359.137 117.160 55.681 377.432 139.341 60.699 360.862 176.387 94.067 319.364
000183_depth.png 70.285 87.325 341.932 90.853 61.694 359.124 117.162 55.671 377.412 139.338 60.701 360.859 176.383 94.040 319.360
000184_depth.png 70.086 88.446 345.946 91.578 62.270 362.857 119.180 56.889 381.349 140.131 61.546 365.236 178.650 96.573 323.406
000185_depth.png 70.453 89.723 346.098 91.804 63.551 362.969 118.358 57.738 381.390 140.398 62.357 365.168 181.011 99.639 323.602
000186_depth.png 69.918 89.398 343.056 91.263 63.097 359.824 117.886 57.361 378.275 140.313 61.911 362.113 182.660 99.001 320.221
000187_depth.png 70.428 89.192 340.812 92.347 62.161 357.989 118.727 57.185 376.155 141.575 61.727 360.100 184.570 99.496 318.190
000188_depth.png 69.522 90.455 341.999 91.386 63.384 359.047 117.904 57.364 377.360 140.365 61.869 361.139 184.180 99.491 319.231
000189_depth.png 69.346 90.465 342.103 90.752 63.877 358.898 117.321 58.090 377.318 139.758 62.388 361.025 182.484 98.359 319.162
000190_depth.png 69.485 90.421 343.120 90.306 63.919 359.654 116.601 57.468 378.442 139.649 61.800 361.767 181.991 96.967 320.163
000191_depth.png 69.062 90.342 338.298 90.062 63.634 354.845 116.860 55.716 372.956 139.945 61.167 356.768 181.643 96.527 315.025
000192_depth.png 69.288 89.009 343.983 91.021 61.870 361.103 117.193 55.892 379.424 137.844 59.667 362.938 178.503 94.080 321.397
000193_depth.png 69.721 86.370 343.156 95.350 59.270 359.567 116.273 53.355 377.996 136.509 57.847 361.784 171.011 90.135 319.548
000194_depth.png 70.628 85.626 321.628 98.047 62.251 339.700 115.924 56.341 371.612 134.034 58.242 345.542 161.567 89.023 289.854
000195_depth.png 74.478 84.229 313.901 100.162 62.991 333.509 115.688 56.239 378.647 133.356 56.700 353.795 147.372 86.647 285.755
000196_depth.png 78.109 85.736 313.747 98.805 62.783 338.183 114.279 55.060 375.986 130.833 55.529 359.221 142.379 84.990 285.806
000197_depth.png 78.629 87.015 312.114 98.485 64.034 337.062 112.823 55.011 375.013 129.452 55.873 358.301 140.086 86.333 284.184
000198_depth.png 81.905 87.573 306.750 98.566 66.748 338.819 114.375 58.459 369.921 127.453 57.774 345.316 119.272 87.568 273.062
000199_depth.png 82.929 87.486 306.349 97.780 63.017 339.809 113.237 57.633 369.614 126.988 58.417 344.802 118.711 85.979 274.464
000200_depth.png 82.971 88.148 304.380 96.339 63.169 342.383 112.477 57.420 361.669 125.671 58.807 338.288 117.257 86.879 273.679
000201_depth.png 89.576 90.410 312.110 95.396 68.339 354.391 112.417 56.497 381.705 125.850 60.619 360.311 106.101 90.235 294.889
000202_depth.png 90.233 89.804 312.326 94.388 68.715 354.250 111.464 57.041 381.674 124.898 61.403 360.346 104.129 90.676 295.551
000203_depth.png 92.494 90.967 312.350 94.843 69.508 354.509 110.751 57.178 381.737 123.899 61.672 360.287 103.562 91.473 296.318
000204_depth.png 93.356 90.464 312.064 94.843 70.114 354.732 111.270 57.241 381.824 123.869 61.608 360.197 103.587 92.058 296.270
000205_depth.png 92.842 92.431 311.797 94.692 71.454 354.683 109.615 58.589 381.620 121.906 61.103 359.997 103.016 93.276 296.647
000206_depth.png 92.844 92.410 311.850 94.308 71.788 354.624 109.860 58.493 381.674 121.906 61.142 360.033 103.016 93.329 296.668
000207_depth.png 91.441 92.798 306.419 92.922 71.600 349.683 108.286 58.686 376.705 120.775 61.492 355.128 101.781 92.922 291.910
000208_depth.png 90.031 92.833 305.799 93.110 71.559 349.865 109.129 57.114 376.514 120.842 58.226 354.653 101.781 93.000 293.194
000209_depth.png 90.030 92.922 306.014 93.212 71.523 349.877 109.125 57.120 376.497 120.875 58.241 354.647 101.781 93.034 293.199
000210_depth.png 90.031 92.923 306.015 93.216 71.522 349.879 109.125 57.119 376.497 120.875 58.241 354.647 101.781 93.035 293.199
000211_depth.png 90.043 92.921 306.013 93.095 71.571 349.843 109.125 57.132 376.496 120.875 58.242 354.645 101.781 93.029 293.200
000212_depth.png 90.041 94.191 305.451 92.969 72.622 350.078 109.125 57.482 376.068 120.984 58.582 353.953 102.018 93.026 293.331
000213_depth.png 89.404 96.127 305.928 92.351 73.357 349.907 108.436 58.600 376.495 120.338 59.924 354.730 101.211 94.858 293.320
000214_depth.png 91.056 95.205 306.483 93.969 73.341 349.494 110.025 58.506 376.571 121.868 59.684 354.655 102.781 95.145 293.104
000215_depth.png 91.057 95.204 306.484 93.969 73.341 349.498 110.025 58.506 376.580 121.868 59.684 354.661 102.781 95.145 293.106
000216_depth.png 91.571 95.149 306.705 93.966 73.323 349.500 110.021 58.559 376.594 121.875 59.694 354.655 102.724 95.128 293.049
000217_depth.png 90.507 95.371 300.353 92.225 72.699 343.924 108.426 58.318 370.191 120.418 59.203 348.452 101.089 95.130 286.832
000218_depth.png 90.498 95.432 300.312 91.999 73.063 343.538 108.436 58.761 370.400 120.593 59.702 348.646 101.008 95.272 286.844
000219_depth.png 90.499 95.433 300.321 92.000 73.076 343.539 108.447 58.759 370.404 120.576 59.702 348.640 100.995 95.279 286.820
000220_depth.png 90.568 95.446 300.315 91.999 73.067 343.546 108.428 58.771 370.403 120.610 59.700 348.619 101.119 95.260 286.878
000221_depth.png 89.244 92.630 298.157 90.738 67.879 347.486 108.172 58.899 370.093 120.577 58.958 333.305 101.451 92.901 278.535
000222_depth.png 85.816 92.595 300.041 92.799 71.931 343.448 109.057 57.772 370.401 121.299 59.580 348.645 102.381 94.020 286.321
000223_depth.png 82.178 92.377 300.197 92.625 72.189 343.474 109.039 57.094 370.103 121.148 58.298 348.704 103.491 94.246 285.814
000224_depth.png 79.195 93.666 300.184 92.627 73.515 342.992 109.123 56.801 369.638 120.924 57.865 348.469 103.728 97.011 284.902
000225_depth.png 68.586 89.654 311.907 92.329 69.476 344.771 109.310 60.671 380.726 122.060 56.860 346.419 110.064 86.961 282.003
000226_depth.png 67.985 90.869 307.884 92.116 66.615 340.562 109.289 58.862 362.909 121.881 55.638 340.647 120.151 89.994 270.909
000227_depth.png 67.708 91.285 311.258 90.865 67.751 340.631 110.493 60.138 362.874 123.415 57.517 341.287 129.256 90.785 267.150
000228_depth.png 68.374 93.025 314.946 91.035 68.031 344.576 111.208 57.992 362.144 126.730 59.531 345.567 142.771 93.410 276.028
000229_depth.png 65.069 94.652 332.060 90.027 67.644 340.216 112.417 57.449 363.107 128.373 58.253 342.332 157.935 94.271 293.259
000230_depth.png 63.837 95.267 328.111 89.068 67.499 336.337 111.724 57.189 358.944 127.927 58.451 337.591 160.307 94.399 288.241
000231_depth.png 63.376 96.445 326.903 88.724 67.502 335.342 111.313 57.062 357.957 127.775 58.390 336.597 165.000 96.240 287.431
000232_depth.png 62.914 95.278 327.498 86.927 63.215 335.422 110.591 54.976 359.191 127.954 57.111 337.988 167.382 98.163 288.199
000233_depth.png 65.213 95.090 324.596 90.500 62.492 333.070 112.999 52.699 357.118 132.499 54.893 335.077 174.176 100.441 285.762
000234_depth.png 64.632 94.336 324.219 92.179 66.286 331.485 112.311 53.653 353.988 133.039 55.678 334.984 176.764 101.974 283.234
000235_depth.png 63.872 95.324 318.337 89.010 61.511 326.764 112.986 52.793 350.233 132.386 55.402 329.194 177.920 102.304 278.126
000236_depth.png 64.248 95.157 322.037 89.525 60.850 330.966 113.146 52.059 354.362 132.406 54.625 333.250 177.119 101.033 282.449
000237_depth.png 63.583 95.067 318.086 89.242 60.668 327.178 113.029 51.781 350.552 132.505 53.833 329.165 176.036 100.275 278.977
000238_depth.png 63.486 94.633 317.339 88.415 61.139 328.369 112.188 52.209 349.356 129.455 53.148 319.483 172.985 97.301 284.750
000239_depth.png 62.339 96.502 318.945 88.538 64.255 327.812 111.776 53.777 350.363 130.125 55.310 328.965 168.881 96.388 278.630
000240_depth.png 62.039 95.521 322.294 87.938 63.404 331.323 110.789 53.194 353.781 129.078 55.153 332.355 166.870 95.138 281.762
000241_depth.png 62.008 95.461 321.371 87.893 63.373 330.412 110.788 53.459 353.036 129.105 55.553 331.521 165.593 95.028 280.726
000242_depth.png 64.981 94.562 327.620 91.376 64.899 335.829 112.522 54.378 359.083 130.461 56.595 337.556 163.297 94.610 287.286
000243_depth.png 64.918 94.359 323.578 93.972 68.449 331.732 112.466 52.685 355.417 128.849 54.013 334.300 160.590 94.464 285.395
000244_depth.png 66.881 93.864 318.186 97.065 83.115 326.634 107.948 52.405 343.001 127.422 55.315 327.512 153.468 94.351 273.740
000245_depth.png 68.149 95.352 320.964 95.917 74.578 350.399 110.792 52.936 355.717 128.629 59.547 335.368 131.890 90.686 285.436
000246_depth.png 64.980 92.543 312.773 98.885 78.836 347.145 108.055 50.827 343.375 126.010 54.395 333.344 118.996 88.534 273.330
000247_depth.png 66.615 92.222 310.164 105.832 86.500 289.140 108.425 51.701 332.716 125.915 54.159 329.984 110.185 89.738 272.840
000248_depth.png 66.779 91.940 310.581 104.003 86.328 288.278 107.076 50.912 333.748 125.021 55.124 331.383 109.921 89.554 273.084
000249_depth.png 66.659 92.217 310.197 104.991 89.497 288.579 107.000 52.212 333.511 124.975 56.194 331.247 109.175 91.930 272.929
000250_depth.png 66.767 92.146 310.249 103.889 89.500 288.150 107.000 52.373 333.706 124.999 56.718 331.393 108.432 92.500 273.365
000251_depth.png 66.667 91.555 314.096 102.537 89.101 281.964 105.414 52.645 341.319 123.276 56.439 315.793 107.419 92.872 274.337
000252_depth.png 65.877 90.993 309.708 102.041 90.998 287.912 103.512 51.999 334.368 124.077 57.731 330.828 106.806 92.498 273.446
000253_depth.png 64.871 94.757 310.213 101.000 91.987 288.292 102.699 54.205 334.430 123.541 57.672 331.629 107.060 94.998 273.143
000254_depth.png 64.723 93.406 309.552 101.373 91.898 288.295 103.232 54.659 334.313 123.992 59.678 331.383 105.932 94.941 273.662
000255_depth.png 64.640 93.414 309.509 101.372 91.899 288.293 103.325 54.667 334.291 123.992 59.651 331.359 105.922 94.933 273.658
000256_depth.png 64.720 93.402 309.538 101.375 91.899 288.288 103.412 54.626 334.287 123.992 59.577 331.332 105.936 94.957 273.661
000257_depth.png 64.496 93.465 309.437 101.350 91.898 288.279 103.525 54.590 334.200 123.996 59.501 331.308 105.901 94.948 273.641
000258_depth.png 64.891 93.401 308.701 100.911 92.094 286.562 101.795 54.532 333.439 122.484 58.574 329.942 105.572 95.443 272.919
000259_depth.png 64.812 93.402 308.664 101.375 93.384 287.177 102.883 54.918 333.695 123.600 60.278 329.974 105.362 95.513 272.291
000260_depth.png 64.879 93.396 308.685 100.909 91.898 286.509 101.578 54.630 333.467 122.484 58.654 329.971 105.848 94.992 272.956
000261_depth.png 63.162 93.431 308.702 98.604 92.196 287.184 101.426 54.662 333.361 122.500 59.366 330.863 103.725 95.514 272.634
000262_depth.png 62.326 93.130 308.854 97.922 90.857 287.977 101.406 54.950 334.016 122.552 60.150 330.844 104.400 94.907 272.324
000263_depth.png 62.233 93.056 308.778 98.133 91.165 288.334 101.406 54.998 334.027 122.516 60.254 330.850 104.544 94.436 272.358
000264_depth.png 62.491 93.080 308.895 98.366 90.377 287.687 101.222 54.444 333.423 122.519 58.844 330.881 104.418 94.441 272.556
000265_depth.png 62.521 93.107 308.903 98.158 88.859 287.663 100.807 54.285 332.977 122.136 58.786 330.784 103.931 92.677 272.597
000266_depth.png 62.437 93.212 312.500 89.352 82.972 331.385 101.108 53.625 331.840 122.610 58.460 336.643 104.787 91.818 268.664
000267_depth.png 64.455 93.814 315.218 88.146 77.598 284.286 101.900 55.112 337.401 121.194 56.029 328.598 116.486 90.804 274.969
000268_depth.png 63.346 94.526 310.622 86.072 78.266 317.622 102.234 54.969 334.421 123.639 59.937 338.277 119.953 92.214 265.018
000269_depth.png 64.052 95.688 312.650 84.457 75.426 297.910 102.915 55.966 340.035 123.919 60.144 340.551 127.506 91.058 274.150
000270_depth.png 63.260 95.504 310.824 84.807 73.812 299.352 102.702 57.422 347.356 123.869 61.322 339.122 135.241 92.212 275.942
000271_depth.png 66.236 98.344 313.594 82.497 70.437 297.412 103.046 53.646 335.025 123.892 57.337 337.450 154.761 94.860 279.091
000272_depth.png 65.404 98.016 340.080 79.561 68.763 320.389 102.808 54.514 349.486 124.723 60.469 346.684 157.542 93.916 292.451
000273_depth.png 64.562 97.084 310.723 80.663 71.670 299.759 104.823 57.163 348.854 125.621 60.708 340.632 162.774 98.687 290.968
000274_depth.png 64.465 96.964 309.608 81.909 70.239 292.237 106.347 56.786 344.871 126.967 59.984 328.014 170.246 102.416 291.582
000275_depth.png 63.978 95.675 320.008 86.006 72.077 327.563 107.380 57.526 351.568 130.087 60.442 330.745 174.318 105.220 279.403
000276_depth.png 65.852 93.186 317.857 87.228 64.165 326.246 112.141 53.961 351.360 133.498 57.418 329.099 182.119 106.605 280.386
000277_depth.png 66.536 93.336 314.887 89.003 68.307 323.043 112.011 55.889 346.378 133.792 59.637 325.815 182.093 106.449 274.300
000278_depth.png 66.760 93.113 318.435 88.251 69.037 325.812 111.462 55.173 350.131 132.782 59.529 328.909 180.894 106.031 277.544
000279_depth.png 65.129 91.757 317.010 87.590 66.836 325.177 110.543 54.879 348.668 133.533 59.586 327.816 179.968 105.319 276.763
000280_depth.png 65.932 91.548 313.007 87.188 67.634 320.949 110.334 54.227 344.622 132.210 58.041 323.998 179.334 103.498 272.607
000281_depth.png 66.703 91.773 318.001 87.920 68.396 326.042 111.069 54.027 350.151 132.155 58.004 328.763 178.290 103.572 277.619
000282_depth.png 64.445 91.488 313.890 84.078 69.015 321.436 107.336 54.440 345.651 130.513 57.468 324.745 176.087 101.632 273.393
000283_depth.png 66.444 93.245 314.704 84.197 69.296 322.504 108.220 56.963 345.707 131.862 60.325 325.667 174.280 101.399 274.179
000284_depth.png 66.571 89.779 303.252 82.800 65.405 286.635 107.585 56.847 304.182 130.612 57.956 332.931 155.282 94.051 273.147
000285_depth.png 65.640 89.963 306.287 81.289 65.366 284.863 106.185 58.896 306.988 127.805 55.658 323.626 148.562 91.929 277.560
000286_depth.png 65.623 90.964 299.818 82.234 65.097 283.457 106.983 61.847 298.596 128.315 57.440 329.426 144.078 93.006 269.585
000287_depth.png 65.540 91.017 298.971 82.331 65.312 282.848 107.398 62.169 298.352 127.983 56.356 327.938 142.973 94.172 268.227
000288_depth.png 65.023 90.715 296.749 81.822 64.700 280.490 108.259 65.578 293.498 128.353 56.675 326.352 139.710 92.712 266.530
000289_depth.png 66.092 90.926 307.085 83.029 65.279 290.154 110.358 69.163 286.800 129.066 59.106 334.918 130.677 94.597 276.242
000290_depth.png 65.899 90.437 312.375 84.618 66.502 287.663 111.940 75.415 285.496 128.729 57.689 331.589 128.089 95.639 279.175
000291_depth.png 66.240 90.880 313.214 88.065 73.112 290.294 113.146 77.836 284.000 128.744 58.492 331.544 126.396 96.017 280.980
000292_depth.png 66.152 90.640 308.009 89.407 75.086 286.215 112.501 79.412 280.000 128.785 60.197 334.438 124.048 95.551 282.495
000293_depth.png 66.138 91.158 310.245 89.127 75.389 282.654 110.705 80.500 280.153 127.537 59.360 330.164 115.896 89.391 276.795
000294_depth.png 65.651 92.954 313.780 88.639 77.310 288.069 111.985 79.284 284.003 127.151 60.988 333.284 117.424 91.053 276.816
000295_depth.png 65.637 92.840 313.843 88.633 77.212 290.784 112.003 82.724 278.000 127.166 61.901 336.622 115.689 87.858 282.063
000296_depth.png 65.582 91.951 316.065 88.614 76.365 282.734 112.556 82.734 280.058 125.476 60.563 333.429 111.640 88.182 280.340
000297_depth.png 64.562 92.855 314.758 87.966 76.684 280.445 116.725 90.823 271.078 125.588 59.579 325.922 118.370 92.852 275.810
000298_depth.png 65.186 93.215 313.387 88.166 77.063 279.982 116.743 91.125 270.978 126.124 60.794 335.474 118.312 92.734 273.703
000299_depth.png 65.901 94.088 318.760 89.905 82.229 283.179 117.810 88.718 274.941 125.724 62.392 339.608 119.358 93.049 276.583
000300_depth.png 66.977 94.837 316.401 90.037 81.852 281.270 118.281 89.683 272.921 126.013 63.265 337.560 119.834 93.094 274.498
000301_depth.png 66.188 93.598 314.403 89.624 81.815 279.172 117.749 89.918 270.677 125.562 63.082 335.501 119.316 93.133 272.579
000302_depth.png 66.153 93.803 315.115 89.624 81.918 280.220 117.596 90.048 271.878 126.000 63.107 336.545 119.313 93.772 273.237
000303_depth.png 65.422 93.350 305.052 87.984 76.933 271.842 116.866 91.469 262.897 126.141 60.653 326.948 118.236 93.433 265.220
000304_depth.png 65.474 93.936 317.507 89.063 81.169 282.601 117.518 89.398 274.397 124.677 63.301 338.816 118.870 92.228 275.842
000305_depth.png 64.924 92.769 317.503 87.943 76.873 284.097 115.810 89.334 275.127 125.216 59.879 339.709 118.904 92.344 277.721
000306_depth.png 64.823 92.743 317.509 87.951 76.869 284.084 115.808 87.846 275.109 125.139 59.479 339.580 118.936 91.408 277.906
000307_depth.png 65.364 92.378 315.707 88.567 74.902 281.885 116.679 85.866 273.093 126.129 58.923 337.516 120.220 89.054 275.825
000308_depth.png 65.267 92.250 313.559 85.500 72.997 279.928 115.072 83.404 271.718 124.585 58.648 335.534 118.594 87.431 273.636
000309_depth.png 64.548 94.366 317.899 82.858 72.240 284.304 113.484 78.422 277.214 123.193 58.748 339.846 118.628 88.174 277.366
000310_depth.png 63.470 93.621 314.000 82.131 71.409 288.006 99.324 58.546 303.098 123.284 58.089 330.794 132.360 91.383 265.306
000311_depth.png 63.805 93.934 312.000 80.995 70.205 291.000 99.495 58.665 305.345 123.699 59.603 331.568 132.567 87.499 278.496
000312_depth.png 62.230 94.304 313.444 79.244 70.109 308.600 96.255 57.623 302.976 122.227 60.650 357.634 138.212 86.953 295.659
000313_depth.png 62.086 94.875 316.579 73.093 68.569 303.020 96.961 52.953 334.371 122.597 57.424 323.350 144.512 91.645 279.039
000314_depth.png 62.905 95.178 312.190 74.485 66.767 300.209 98.412 53.137 330.316 122.903 51.873 329.726 149.679 90.429 274.942
000315_depth.png 64.518 95.940 317.475 74.295 66.885 305.615 99.946 52.441 331.791 123.904 55.848 335.232 153.277 92.534 279.045
000316_depth.png 62.303 95.605 317.007 74.177 67.013 305.680 100.042 52.562 331.846 124.014 56.559 335.602 153.281 92.587 279.020
000317_depth.png 63.470 95.349 315.720 75.300 67.545 303.825 100.561 53.519 333.380 124.559 55.735 335.028 155.323 92.589 278.096
000318_depth.png 64.025 95.680 317.203 75.843 67.141 305.804 101.422 54.911 333.886 125.615 56.701 335.579 156.359 94.172 279.074
000319_depth.png 62.811 95.601 318.405 74.878 67.702 302.704 100.990 53.883 330.457 124.482 56.355 321.294 157.557 91.959 282.632
000320_depth.png 64.434 97.410 325.542 75.480 68.178 307.474 101.244 54.412 335.411 125.750 58.119 320.435 157.554 91.738 276.124
000321_depth.png 63.166 99.546 317.756 74.663 67.387 307.073 100.469 53.285 333.553 125.085 58.482 337.417 157.219 93.341 280.132
000322_depth.png 64.013 96.205 317.270 74.403 66.871 305.633 99.803 52.298 331.994 124.901 57.830 336.671 157.774 92.920 279.191
000323_depth.png 63.644 95.254 313.816 74.870 67.147 301.637 100.461 53.653 331.294 124.848 56.073 333.221 157.402 92.568 276.146
000324_depth.png 63.587 94.456 316.420 73.879 67.546 304.781 99.839 51.809 334.952 125.008 57.927 323.569 151.387 89.898 279.311
000325_depth.png 63.603 94.175 321.482 74.530 67.074 309.291 99.990 51.243 339.164 124.411 56.289 327.134 146.500 87.950 283.566
000326_depth.png 62.898 94.400 317.907 74.370 67.092 303.513 99.582 51.464 337.863 123.226 54.209 316.675 142.522 86.695 266.938
000327_depth.png 63.759 95.150 319.646 75.059 67.822 307.280 100.986 51.981 337.539 124.043 54.950 326.181 142.508 87.202 282.392
000328_depth.png 64.066 95.073 317.238 75.193 67.689 304.777 101.268 51.775 334.920 123.853 54.504 323.473 142.240 86.990 279.552
000329_depth.png 63.049 94.346 316.376 74.619 67.007 303.908 101.166 51.563 334.776 122.189 54.936 322.875 142.107 87.654 279.135
000330_depth.png 63.660 94.604 316.171 75.095 67.191 303.705 101.751 52.092 334.728 121.941 55.689 322.179 141.041 86.580 279.192
000331_depth.png 64.659 96.116 318.144 74.830 67.770 306.629 100.362 52.217 336.708 120.522 58.629 323.583 140.601 88.355 280.531
000332_depth.png 64.552 94.769 319.933 75.712 67.400 307.543 101.932 52.133 338.337 120.223 58.943 325.355 139.423 87.813 282.614
000333_depth.png 62.548 94.192 316.985 75.624 67.478 298.696 100.472 50.232 320.025 121.399 66.781 303.189 132.828 88.097 283.674
000334_depth.png 63.477 93.733 318.248 76.845 67.411 292.014 102.445 51.103 322.718 121.415 67.614 296.800 131.987 87.854 278.526
000335_depth.png 68.857 100.233 314.845 77.157 67.173 297.520 102.398 51.098 319.902 123.547 72.588 301.066 131.286 89.011 282.583
000336_depth.png 70.308 100.678 315.839 78.141 67.387 298.789 103.134 51.578 321.109 124.547 74.322 301.895 130.734 89.678 283.683
000337_depth.png 70.042 100.618 314.835 78.140 67.341 297.893 103.130 51.545 320.189 124.547 75.741 300.752 130.734 89.686 282.687
000338_depth.png 70.101 100.372 315.826 78.226 67.403 298.754 103.355 51.709 321.240 124.547 75.796 301.761 130.816 89.664 283.694
000339_depth.png 71.103 101.344 316.690 78.866 67.696 300.055 103.760 52.325 322.412 124.977 76.774 302.738 130.689 90.565 284.627
000340_depth.png 63.488 91.027 315.913 78.005 65.550 297.497 103.733 50.169 320.335 123.884 75.705 300.481 129.280 86.728 282.295
000341_depth.png 63.332 91.090 315.900 78.020 65.441 297.263 103.472 50.202 320.216 124.270 75.381 300.551 129.281 86.623 282.281
000342_depth.png 65.736 95.841 313.228 78.054 65.474 295.689 103.064 52.935 317.064 123.094 75.348 299.276 127.706 85.988 281.270
000343_depth.png 65.859 95.937 315.104 78.146 65.503 297.583 102.840 49.588 320.236 123.147 75.543 301.240 128.124 85.984 283.339
000344_depth.png 64.463 94.278 312.583 76.655 65.276 294.648 101.715 52.746 315.974 123.026 76.150 298.602 126.942 84.903 280.198
000345_depth.png 69.132 101.892 315.743 76.642 69.415 298.672 101.669 53.740 320.945 123.028 78.769 301.611 129.194 91.496 283.802
000346_depth.png 69.378 101.836 313.962 77.137 69.126 297.038 101.740 53.713 319.248 123.179 78.516 299.701 129.328 91.283 281.794
000347_depth.png 69.595 101.836 313.903 77.223 68.999 296.888 102.007 53.644 319.323 122.530 78.520 299.550 128.719 90.043 281.737
000348_depth.png 69.111 101.865 314.840 76.850 68.131 298.363 100.531 53.321 320.980 122.013 78.283 300.735 128.502 91.843 282.498
000349_depth.png 69.551 101.826 313.946 77.212 67.656 297.191 101.838 52.423 319.476 122.572 77.045 299.632 128.796 89.974 281.739
000350_depth.png 69.610 100.282 314.272 77.091 66.680 297.342 100.734 51.784 320.113 122.499 76.923 299.934 128.717 90.782 281.582
000351_depth.png 68.172 100.360 316.327 76.409 67.735 299.752 100.472 51.815 321.408 121.806 75.754 301.886 128.466 89.371 283.961
000352_depth.png 63.074 95.425 313.713 75.222 66.056 295.915 100.034 50.354 318.446 122.113 74.057 299.503 128.592 86.617 281.364
000353_depth.png 61.774 91.894 316.435 75.509 66.438 297.425 100.591 50.777 319.955 122.835 73.300 301.062 130.396 86.985 282.382
000354_depth.png 63.346 92.145 314.123 75.866 66.390 294.580 101.049 50.072 316.979 124.249 72.740 298.071 133.309 86.798 279.292
000355_depth.png 62.313 92.086 317.872 76.232 66.678 298.333 100.896 50.565 320.725 124.187 73.059 302.468 134.397 87.298 283.337
000356_depth.png 62.361 93.738 312.153 76.122 67.980 296.552 100.420 50.775 308.960 122.585 71.341 313.472 136.506 88.689 271.731
000357_depth.png 62.458 93.455 310.132 76.340 68.135 293.486 102.918 52.999 312.002 119.101 66.879 319.316 138.003 88.481 278.249
000358_depth.png 63.416 94.119 313.059 77.097 67.901 297.170 103.481 52.938 314.216 120.845 62.796 320.639 144.048 89.635 269.519
000359_depth.png 64.325 95.487 313.107 77.091 69.023 299.078 102.468 51.586 315.463 120.908 62.198 324.363 147.150 90.223 276.184
000360_depth.png 64.224 98.899 313.296 75.167 68.615 298.485 101.325 52.898 317.563 122.536 56.859 316.139 156.201 92.160 273.114
000361_depth.png 63.940 98.930 313.630 75.289 68.073 301.404 101.040 52.261 315.222 123.471 55.352 316.100 158.564 93.224 276.103
000362_depth.png 65.002 97.867 315.727 74.547 67.625 299.375 101.374 53.200 319.746 124.305 55.497 314.827 159.710 92.894 275.032
000363_depth.png 62.291 98.856 314.173 74.784 67.888 299.153 101.467 52.196 319.153 124.078 55.497 317.713 159.115 92.727 270.009
000364_depth.png 63.097 100.192 314.877 74.201 67.958 299.815 101.457 53.021 319.291 125.339 54.901 316.064 159.685 93.180 270.039
000365_depth.png 63.660 100.012 316.980 75.115 68.523 302.317 101.483 52.316 320.562 125.605 55.391 316.685 163.538 95.466 272.555
000366_depth.png 63.240 100.721 318.530 74.780 68.194 301.776 101.230 53.538 320.479 125.766 56.188 319.059 164.289 95.989 272.924
000367_depth.png 64.077 99.268 316.001 74.558 68.742 302.093 100.846 53.850 320.116 125.698 57.061 320.565 167.715 96.970 279.378
000368_depth.png 62.592 100.776 315.651 73.193 69.245 304.166 100.376 54.101 317.919 126.135 56.838 315.018 169.192 97.281 280.363
000369_depth.png 62.274 100.692 313.680 73.022 69.708 303.991 100.221 54.502 322.529 126.539 56.924 316.889 170.554 97.891 283.473
000370_depth.png 61.982 101.580 313.220 72.891 68.915 302.833 100.428 54.260 322.820 126.635 56.166 318.470 173.655 100.134 281.507
000371_depth.png 62.335 101.457 315.511 71.755 69.308 307.369 100.368 54.272 325.974 126.815 56.263 317.637 173.668 100.248 284.519
000372_depth.png 60.733 102.810 315.025 71.149 69.803 307.312 100.215 54.724 337.656 126.486 57.184 315.062 173.044 100.923 312.348
000373_depth.png 62.294 102.098 314.933 70.983 69.770 305.561 100.165 54.446 322.857 126.760 56.758 317.976 173.585 100.305 281.929
000374_depth.png 61.319 100.725 313.012 71.675 69.674 306.396 100.909 55.182 323.160 128.462 57.887 318.102 173.633 99.786 284.258
000375_depth.png 61.134 102.589 314.561 71.714 69.764 305.749 100.492 54.609 325.385 126.617 57.062 316.729 173.731 99.792 280.893
000376_depth.png 61.168 101.230 314.555 71.840 69.273 305.515 100.139 54.213 323.583 125.793 56.337 318.178 172.870 98.958 282.160
000377_depth.png 60.636 101.054 311.579 71.932 69.718 303.156 100.906 54.739 321.176 126.652 57.037 317.281 172.618 99.020 280.282
000378_depth.png 62.287 101.387 316.666 72.333 68.794 305.227 100.502 54.203 323.593 125.255 56.396 318.328 173.378 98.387 280.143
000379_depth.png 62.203 100.883 316.200 71.451 69.458 302.426 100.273 54.251 323.433 125.357 56.843 317.769 172.019 97.793 277.054
000380_depth.png 60.809 101.611 311.884 72.995 69.145 303.119 100.496 54.227 322.750 123.918 56.617 315.360 171.838 98.055 278.972
